// bandWidth = 1.62
   2.0000000e+00
   3.0542311e+00   4.2819347e+00
   2.3213416e+00   4.2799917e+00
   3.2960689e+00   4.6425947e+00
   3.5880581e+00   5.4297208e+00
   2.5572258e+00   3.6155624e+00
   3.1197313e+00   3.3530441e+00
   1.8029168e+00   3.8883771e+00
   2.3300620e+00   3.7896305e+00
   5.7559013e-01   1.6840833e+00
   4.5958509e+00   6.1682373e+00
   1.2668566e+00   1.6806687e+00
   2.7764060e-01   2.7104781e+00
   3.1961594e+00   6.6801761e+00
   2.0255195e+00   3.4324118e+00
   4.1550791e+00   5.1499393e+00
   1.4288152e+00   3.4462462e+00
   4.4963829e+00   5.4371295e+00
   2.4154390e+00   3.8203749e+00
   1.2261583e+00  -5.3094449e-01
   2.5216198e+00   3.1518850e+00
   4.3078762e+00   7.9157809e+00
   2.2691644e+00   3.9021491e+00
   2.3093969e+00   2.1172774e+00
   3.0172037e+00   5.1911381e+00
   4.2666077e+00   5.0167281e+00
   1.5408026e+00   4.3203662e+00
   1.6392403e+00   4.6381285e+00
   2.9805978e+00   4.5752594e+00
   2.6220060e+00   2.2914712e+00
   9.7642914e-01   3.4780004e+00
   8.4925271e-01   2.4550796e+00
   1.7992265e+00   2.7223818e+00
   1.8237179e+00   3.9477315e+00
   1.0940426e+00   1.9682154e+00
   2.6435573e+00   4.3389848e+00
   1.9665502e+00   3.0096727e+00
   2.2098201e+00   3.1923389e+00
   2.3273762e+00   3.9622632e+00
   2.6955260e+00   5.6970016e+00
   1.9292492e+00   4.3411600e+00
   1.8133048e+00   2.6963899e+00
   3.9697404e+00   5.8236482e+00
   7.0957471e-01   1.5762319e+00
   1.9949637e+00   3.7945217e+00
   2.2728589e+00   3.7527620e+00
   1.8168219e+00   2.3944416e+00
   2.6486552e+00   3.5125763e+00
   2.8271311e+00   5.9490624e+00
   3.2013688e+00   5.3757808e+00
   2.5994232e+00   3.2261392e+00
   2.0605378e+00   1.8779634e+00
   3.2190320e+00   4.7963809e+00
   2.4318411e+00   3.3871664e+00
   2.7282458e+00   4.2532629e+00
   2.9060189e+00   6.0953131e+00
   2.4266184e+00   2.9370529e+00
   1.4559539e+00   1.3918481e+00
   7.6014018e-01   7.2460993e-01
   1.4428114e+00   2.5631987e+00
   3.0185907e+00   5.5658070e+00
   2.0408562e+00   4.0471125e+00
   1.0679480e+00   3.3143200e-01
   2.1125615e+00   2.8313306e+00
  -2.7336348e-01   5.5419717e-02
   6.8807051e-01   3.3009236e-01
   3.5140813e+00   4.4155553e+00
   2.8223916e+00   5.6123680e+00
   2.3293545e+00   4.2408012e+00
   3.4602604e+00   7.3095669e+00
   1.1717686e+00  -5.0940892e-03
   4.6415906e-01   1.1643111e+00
   7.9844035e-01   8.2976355e-01
   2.6914810e+00   4.1501001e+00
   1.9623447e+00   2.6919079e+00
   3.1923894e+00   4.1376657e+00
   1.7328493e+00   2.3649238e+00
   4.4816671e+00   7.3840129e+00
   2.4519145e+00   4.4573595e+00
   3.1685137e+00   4.7109298e+00
   1.6692751e+00   2.1523100e+00
   2.5762472e+00   5.1779524e+00
   2.8606272e+00   4.2953573e+00
   5.1691965e+00   7.8103071e+00
   1.8283506e+00   4.5020583e+00
   2.7349133e+00   4.5388205e+00
   3.1514257e+00   4.4580689e+00
   1.6326241e+00   2.2774216e+00
   3.4335789e+00   4.4459191e+00
   2.2541606e+00   3.4808886e+00
   3.3949327e+00   5.6081092e+00
   3.0329774e+00   4.0927827e+00
   5.5240807e-01   4.8451993e-01
   1.6440293e+00   3.6474321e+00
   2.9038234e+00   3.3376564e+00
   1.1300693e+00   1.4206763e+00
   2.5233640e+00   5.2679348e+00
   2.3252483e+00   3.9115775e+00
   1.3164579e+00   6.0733963e-01
   3.6045441e-01  -9.9478727e-01
   1.5779450e+00   2.4532043e+00
   1.5138725e+00   9.3384947e-01
   1.0974503e+00   9.2045991e-01
   7.9618140e-01  -3.3222231e-01
   1.8642709e+00   4.6646680e+00
   2.0396730e+00   3.2400772e+00
   3.5012432e+00   6.6588738e+00
   5.4084025e-01   2.6330655e+00
   1.8486548e+00   2.0904224e+00
   1.1494848e+00   2.3408674e+00
   2.0080175e+00   1.8826383e+00
   1.6024807e+00   3.5096664e+00
   4.3306142e-01   7.5935563e-02
   1.9600055e+00   3.3045980e+00
   9.7714298e-01   2.8030873e+00
   2.0768911e+00   3.6102393e+00
   1.1161248e+00   1.3966041e+00
   1.7370203e+00   3.4947966e+00
   3.3623014e+00   4.0023540e+00
   9.4899777e-01  -3.8412897e-01
   7.2743794e-01   9.6161905e-01
   1.6470216e+00   1.6183879e+00
   1.0493245e+00   1.2616909e+00
   3.0871462e+00   5.4663594e+00
   2.3582901e+00   2.9893590e+00
   1.1283814e+00   2.0587361e+00
   1.4767598e+00   2.2271428e+00
   1.1612135e+00   3.1813826e+00
   2.3874397e+00   5.0804050e+00
   3.2989327e+00   4.7503280e+00
   1.9384077e+00   2.6141834e+00
   2.3813407e+00   4.2384140e+00
   4.6022982e+00   8.0084300e+00
   2.9075711e+00   3.9501209e+00
   1.8045498e+00   2.8337239e+00
   2.6100355e+00   2.7966831e+00
   2.4852414e+00   2.9266971e+00
   2.1169592e+00   3.5883060e+00
   2.7176433e+00   3.1908961e+00
   3.2972798e+00   4.4725026e+00
   1.5579488e+00   3.1776551e+00
   3.2538808e+00   5.1543852e+00
   1.6244646e+00   5.4368497e-02
  -2.2091530e-02   1.0612481e+00
   2.2775833e+00   4.0371669e+00
   1.9805100e+00   2.3529301e+00
   1.4590888e+00   2.7450279e+00
   3.0068733e+00   4.4452646e+00
   8.4860131e-01   1.2417794e+00
   5.3855104e-01  -2.8228447e-01
   2.7236765e+00   3.6521408e+00
   3.3701296e+00   5.2002857e+00
   4.6180705e-01  -4.7874401e-01
   2.2221326e+00   2.7822820e+00
   1.3835459e+00   3.5936332e+00
   2.3295726e+00   2.3632985e+00
   1.2999209e+00   1.1820345e+00
   1.3608597e+00   2.4428354e+00
   1.4235744e+00   4.7481491e-01
   2.8695118e+00   5.0998060e+00
   1.4197059e+00   1.5969080e+00
   2.5581672e+00   3.9021368e+00
   2.3446595e+00   4.5875976e+00
   2.3432424e+00   2.9069775e+00
   2.9891791e+00   4.7603093e+00
   2.1718349e+00   4.1072238e+00
   2.1893035e+00   4.3578286e+00
   4.2806791e+00   5.1562974e+00
   1.2710543e+00   9.9869006e-01
   2.2456948e-01   5.8337693e-01
   2.0475026e+00   1.9056142e+00
   1.7701639e-01  -3.2463743e-01
   2.5997872e+00   1.8688194e+00
   1.0183036e+00   1.0252615e+00
   7.0635704e-01   1.5962074e+00
   1.0523272e+00   1.9687595e+00
   1.9291562e+00   2.7541383e+00
   2.6463101e+00   5.2916729e+00
   1.0360490e+00   4.5830033e-01
   3.0565444e+00   4.6391135e+00
   1.2923800e+00   1.5540552e+00
   1.0276883e+00   3.2049840e+00
   1.6172340e+00   3.6514765e+00
   7.9973488e-01   9.3687877e-02
   2.6170089e+00   4.2049145e+00
   1.2793246e+00   2.3804315e+00
   3.3359786e+00   5.1438207e+00
   3.1265070e+00   6.6154566e+00
   1.3048678e+00   2.1581223e+00
   1.3454333e+00   3.4816766e+00
   1.5049463e+00   2.2973178e+00
   1.6495597e+00   2.8762909e+00
   2.1029582e+00   4.1581723e+00
   3.7010758e+00   6.8228999e+00
   2.4520660e+00   2.4442746e+00
   9.5256294e-01   2.4101375e+00
   2.1545097e+00   4.0309381e+00
   6.2764564e-01   1.7542342e+00
  -1.5527010e-01   6.5663677e-01
   2.8266706e+00   4.4839999e+00
  -4.0711764e-01  -3.7679951e-01
   1.7452310e+00   2.1993188e+00
   3.1594447e+00   4.7930525e+00
   3.1290638e+00   4.4970979e+00
   1.7360715e+00   2.4431796e+00
   1.7909577e+00   2.8717360e+00
   2.9430983e+00   4.1811834e+00
   2.2009305e+00   2.6427848e+00
   2.2053668e+00   5.1097813e+00
   3.0135336e+00   4.3424681e+00
   9.3561303e-01   1.4082389e+00
  -1.3648848e-01   8.1595375e-01
  -6.5060035e-03   1.5026814e+00
   3.8428941e-01   6.9979797e-02
   3.9334057e+00   7.7790136e+00
   2.0752346e+00   4.1639115e+00
   2.1494821e+00   3.2835634e+00
   1.8752817e+00   2.2138718e+00
   1.9805784e+00   3.8553626e+00
   1.4025524e+00   2.7337458e+00
   1.3134361e+00   2.2308058e+00
   1.0261490e+00   4.8429182e-01
   2.8030063e+00   4.1191805e+00
   9.1027657e-01   1.9043522e+00
   2.2669045e+00   2.2436652e+00
   1.4677001e+00   3.3258035e+00
   4.2025607e+00   6.1966889e+00
   3.8469694e+00   4.6770266e+00
   1.2724189e+00   1.8067182e+00
   2.2243757e+00   2.5607290e+00
   6.6853708e-01   1.4027248e+00
   3.2204843e+00   3.9201102e+00
   3.8741843e+00   5.1855467e+00
   1.7056044e+00   1.9690550e+00
   2.9488847e+00   3.7037857e+00
   2.4313941e+00   3.6027091e+00
   2.1648177e+00   3.1584720e+00
   2.3853898e+00   3.8031358e+00
   2.2508711e+00   4.6397793e+00
   2.4841912e+00   3.7532050e+00
   2.2858057e+00   4.4603331e+00
   1.5190290e+00   2.6246697e+00
   3.7564277e+00   4.8186824e+00
   1.4886597e+00   1.9935377e+00
   1.4023404e+00   2.5654913e+00
   1.9054941e+00   3.5211997e+00
   2.1735154e+00   3.4171254e+00
   2.1412282e+00   3.4561705e+00
   1.4747481e+00   1.3688969e+00
   1.1421246e+00   1.9054776e+00
   1.3700875e+00   2.0641234e+00
   2.0860511e+00   2.4465088e+00
   6.7897956e-01   1.2508136e+00
   2.0810044e+00   2.7411965e+00
   2.0447031e+00   3.5738746e+00
   3.4726126e+00   5.3760615e+00
   4.7327037e-02  -1.1587809e+00
   2.8480503e+00   4.6019264e+00
   3.1915571e+00   4.5495852e+00
   3.0120515e+00   5.8773950e+00
   2.2719634e+00   2.2754640e+00
   1.9211595e+00   2.0276450e+00
   4.0134040e+00   7.1638955e+00
   1.6621554e+00   2.4985317e+00
   1.9734867e+00   2.9044449e+00
   4.2449089e-01   6.7258397e-02
   1.4946961e-01   7.3534958e-01
   2.2088373e+00   3.0533381e+00
   1.2479482e+00   6.2735027e-01
   2.3673046e+00   2.8978161e+00
   2.1655211e+00   4.2705088e+00
   9.2926187e-01   1.3702229e+00
   3.7970508e+00   5.5134889e+00
   1.1037883e+00   6.5702334e-01
   1.3880677e+00   1.7622484e+00
   2.2853009e+00   4.2377430e+00
   3.0440028e+00   4.9566836e+00
   1.2236122e+00   2.4537929e+00
   1.6849091e+00   2.2830321e+00
   1.8577964e+00   2.7444061e+00
   2.2145558e+00   2.2361122e+00
   1.3834906e+00   1.5053215e+00
   2.2202198e+00   4.8455407e+00
   3.7139070e+00   5.6842552e+00
   3.5226297e+00   5.0890588e+00
   3.7431013e+00   4.3003465e+00
   2.1161909e+00   2.4878934e+00
   1.9127123e+00   2.5698009e+00
   1.6092522e+00   2.4272718e+00
   2.2082892e+00   3.0930417e+00
   1.3457335e+00   1.7245757e+00
   2.9323213e+00   5.0595967e+00
   1.9413087e+00   2.2969450e+00
   1.5060077e+00   1.8398115e+00
  -4.2560386e-01  -6.7609322e-01
   1.5722648e+00   2.5956075e+00
   1.2556842e+00   2.1668158e+00
   1.8805030e+00   2.8692554e+00
   1.6106864e+00   2.1816560e+00
   1.3095453e+00   3.2481162e+00
   2.6348417e+00   4.4784861e+00
   1.7105100e+00   3.5651286e-02
   2.0096669e+00   3.4159991e+00
   2.4676542e+00   2.8063156e+00
   2.1900051e+00   1.2440429e+00
   1.0648652e+00   1.9424242e+00
   3.1822300e+00   4.4256709e+00
   2.9753149e+00   3.4394483e+00
   6.4855102e-01   1.5719115e+00
   1.8906562e+00   3.6924517e+00
   2.0379514e+00   2.2611190e+00
   2.7124293e+00   3.7960641e+00
   6.7182073e-01   7.0900841e-01
   2.8388391e+00   3.8883532e+00
   1.5360821e+00   3.8006809e+00
   1.2250196e+00   1.9073168e+00
   2.2270564e+00   4.0254517e+00
   7.1002826e-01  -4.8550954e-01
   3.5527508e+00   4.9570851e+00
  -6.4303050e-01  -2.9123045e-02
   2.7784449e+00   3.3534285e+00
   8.2101351e-01   2.1806646e+00
   2.5499009e+00   4.1639560e+00
   1.1956713e+00   2.5593814e+00
   2.6922863e+00   4.9276801e+00
   8.6821959e-01   1.2370119e+00
   2.5911899e+00   4.5615642e+00
   2.5810549e+00   3.3072920e+00
   3.0436071e+00   3.9427868e+00
   8.9675649e-02  -7.0159718e-01
   1.1003312e+00   2.0066518e+00
   1.2090900e+00   2.6425217e+00
   2.0392686e+00   3.3862913e+00
   1.2956511e+00   1.6734709e+00
   1.5659470e+00   1.7628679e+00
   2.2974638e+00   4.4297378e+00
   2.6234785e+00   4.0734447e+00
  -4.5799949e-01  -2.3977302e-01
   3.2593894e+00   4.4224211e+00
   1.2287408e+00   2.9419779e+00
   9.4378889e-01   1.5127780e+00
   2.3501433e+00   1.5628468e+00
   3.2622235e+00   4.2200879e+00
   3.5766894e+00   5.1187140e+00
   2.7355775e+00   5.2758149e+00
   2.0330261e+00   2.4209356e+00
   1.3943102e+00   3.0802889e+00
   9.2067511e-01   1.6831323e+00
   2.3284885e+00   2.2530459e+00
   3.3815100e+00   5.2401626e+00
   2.6489071e+00   2.7840015e+00
   1.5346249e+00   1.2814452e+00
   3.2404647e+00   5.1853056e+00
   1.5405788e+00   3.1989327e+00
   2.8912724e+00   3.8629841e+00
   3.9475700e+00   6.6626234e+00
   4.0176699e+00   6.5677033e+00
   2.1088354e+00   3.3644376e+00
   2.6343197e+00   5.3044589e+00
   2.1604293e+00   5.0022021e+00
   2.7686468e+00   4.3180119e+00
   2.3070556e+00   2.4360053e+00
   7.4839775e-01   6.1316738e-01
   3.0211462e+00   5.4246233e+00
   2.3074944e+00   3.3464918e+00
   1.0649781e+00   1.7064683e+00
   1.5473560e+00   1.7389057e+00
   2.0526655e+00   2.2635805e+00
   2.2819065e+00   2.9863594e+00
   3.3348742e+00   3.6819116e+00
   2.4989586e+00   4.5277847e+00
   3.4975598e+00   4.9480114e+00
   2.4535252e+00   3.3087184e+00
   1.9351293e+00   3.5717579e+00
   3.1564290e+00   5.3330033e+00
   5.1160819e+00   8.1832803e+00
   1.8835462e-01  -5.6394912e-01
   4.9823976e-01  -5.2925201e-01
   3.0083844e+00   3.4203257e+00
   3.7213886e+00   6.9329811e+00
   2.7591473e+00   4.5565419e+00
   1.6718499e+00   1.9166607e+00
   1.4715747e+00   1.6004607e+00
   1.6410798e+00   1.8300209e+00
   9.0924407e-01   3.1190146e-01
   2.3995962e+00   3.9367685e+00
   1.4402904e+00   2.4758973e+00
   4.3223393e+00   7.5579894e+00
   1.7041421e+00   2.2172099e+00
   2.6471486e+00   4.3277608e+00
   2.6468373e+00   3.0092299e+00
  -5.4965223e-02  -8.6951920e-01
   1.7166383e+00   2.6615099e+00
   1.9296627e+00   5.4226951e+00
   1.9577998e+00   2.5019310e+00
   4.8688353e-01   6.2092191e-02
   1.3877621e+00   1.9068137e+00
   2.8171982e+00   2.3292536e+00
   2.3204927e+00   3.0878939e+00
   2.8819592e+00   2.4502675e+00
   4.0905176e+00   6.2583877e+00
   2.5031259e+00   3.8346580e+00
   2.8184968e+00   6.3791095e+00
   1.5826063e+00  -9.4897437e-01
   2.1304205e+00   3.1616229e+00
   2.1768043e+00   3.5423939e+00
   2.2282684e+00   4.8091821e+00
   1.8804172e+00   2.1322905e+00
   2.6550302e+00   3.9444561e+00
   3.4272776e-01   2.1146918e+00
   2.7727534e+00   5.6745279e+00
   1.4482442e+00   2.4330486e+00
   3.6811572e+00   6.5458100e+00
   1.7743388e+00   4.3795381e+00
   1.5947734e+00   1.7427942e+00
   1.8844318e+00   3.0451796e+00
   1.3985876e+00   1.5518411e+00
   3.4507338e-01  -7.7480035e-01
   3.5873091e+00   5.9065826e+00
   1.4006347e+00   3.0781608e+00
   2.2585514e+00   2.8037619e+00
   1.2604173e+00   1.7164405e+00
   1.9886252e+00   2.4329914e+00
   1.8016229e+00   2.0716596e+00
   1.6845711e+00   3.9746122e-01
   2.2180016e+00   3.4451214e+00
   2.1877574e+00   1.2781920e+00
   2.7397350e-01   1.0475854e+00
   2.7193316e+00   4.3647585e+00
   3.0498802e+00   4.4750989e+00
   2.5451364e+00   2.2120899e+00
   1.0245067e+00   6.0691673e-01
  -2.8741970e-01   6.6992027e-01
   9.3252927e-01   1.8777057e+00
   1.6870514e+00   3.5044439e+00
   3.7658588e+00   4.1848760e+00
   1.8270608e+00   4.2107906e+00
   3.5661867e+00   6.0878734e+00
   1.6164208e+00   1.3360236e+00
   1.0087650e+00   2.6918479e+00
   1.6483326e+00   2.6012631e+00
   1.6055731e+00   9.6935780e-01
   1.8136576e+00   3.5549276e+00
   8.4312028e-01   1.7376764e-01
   4.7764414e-01   8.1511012e-01
   1.7744991e+00   3.1953157e+00
   9.4115450e-01   1.8484460e+00
   1.3438840e+00   1.9189289e+00
   2.4125636e+00   5.1055830e+00
   1.9726698e+00   2.3175138e+00
   2.7154210e+00   5.4610642e+00
   4.3803425e+00   7.6865535e+00
   2.0503611e+00   2.9390195e+00
   1.6086622e+00   1.9867064e+00
   1.5844168e+00   2.0452823e+00
   2.3939162e+00   3.3394625e+00
   1.9092491e+00   1.7946995e+00
   3.0631260e+00   3.5286296e+00
   2.7154576e+00   3.5802259e+00
   8.2111981e-01   1.9632598e+00
   2.9524718e+00   4.6771480e+00
   7.0746150e-01   2.0704316e+00
   2.7646500e+00   5.6996362e+00
   1.9875392e+00   3.2513191e+00
   2.0439809e+00   2.5951038e+00
   6.3676773e-01  -4.3919792e-01
   3.1158485e+00   4.6529816e+00
   2.1529666e+00   2.5255922e+00
   2.0597040e+00   2.6270258e+00
   1.8776894e+00   3.5570758e+00
   1.8679087e+00   2.1822052e+00
   3.4547738e+00   3.8672632e+00
   1.5018784e+00   1.4544213e+00
   2.4601154e+00   5.1188300e+00
   1.7624804e+00   1.6090528e+00
   2.2824233e+00   3.6241868e+00
   2.5891833e+00   5.3818733e+00
  -3.7797533e-01  -2.8642359e+00
   4.0244892e+00   6.6413317e+00
   1.8879095e+00   3.7295816e+00
   3.9732900e+00   4.3335543e+00
   2.3797003e+00   2.5696269e+00
   3.5920360e+00   3.7429892e+00
   2.5191492e+00   3.5169360e+00
   1.3623999e+00   7.0148337e-01
   2.2730437e+00   1.8527171e+00
   1.0835861e+00   2.5085949e+00
   3.2116550e+00   5.0940262e+00
   3.4764027e+00   4.9878852e+00
   3.5875801e+00   4.3606076e+00
   2.7331907e+00   3.7918593e+00
   1.3741115e+00   2.2755346e+00
   2.1334887e+00   5.8766515e+00
   1.7872822e+00   2.7129589e+00
   2.3504502e+00   2.8447490e+00
   1.2369911e+00   1.5632009e+00
   1.3321846e+00   1.7380750e+00
  -9.4254482e-02  -1.2641337e+00
   3.1264058e-01   3.1905716e-01
   2.0441961e+00   2.6268380e+00
   6.4887217e-01   8.6025708e-02
   3.2072370e+00   4.6299212e+00
   2.2426439e+00   3.0999357e+00
   2.2876287e+00   2.8721206e+00
   2.0772552e+00   4.0620627e+00
   1.3740361e+00   2.3474086e+00
   1.7376691e+00   2.8307587e+00
   1.2243416e+00   6.2620467e-01
   1.3637500e+00   1.9067382e+00
   1.9272765e+00   3.3735553e+00
   3.0654213e+00   5.7388572e+00
   2.9310669e+00   3.4082884e+00
   2.7198274e+00   2.2058637e+00
   2.5089870e+00   4.4910732e+00
   2.2306190e+00   3.4119451e+00
   3.8354117e+00   7.6321150e+00
   1.5895595e+00   3.2981010e+00
   1.1730223e+00   1.5414751e+00
   1.3534796e+00   3.1906544e+00
   1.1569812e+00   1.4285875e+00
   1.5299450e+00   2.2503278e+00
   2.4797527e+00   3.6268475e+00
   2.1187611e+00   3.2910034e+00
   1.1915068e+00   1.4453420e+00
   2.1194603e+00   3.3414052e+00
   2.8006918e+00   4.7672916e+00
   2.5770775e+00   4.0115611e+00
   1.4040663e+00   1.1604186e+00
   8.9241024e-01   1.0574475e+00
   3.2440411e+00   4.4164801e+00
   2.1032758e+00   3.8380284e+00
   1.2325939e+00   2.3942876e+00
   1.0259107e+00   1.6828843e+00
   2.2100070e+00   2.2171927e+00
   1.2091924e+00   2.3112636e+00
   2.6416214e+00   4.3286055e+00
   3.0210209e+00   5.6770093e+00
   2.4887390e+00   4.8113087e+00
   3.6607129e+00   5.6581556e+00
   2.1459355e+00   3.7337055e+00
   2.5791366e+00   5.4055480e+00
   3.5152933e+00   5.5309196e+00
   7.8967470e-01   1.3531616e+00
   1.0105022e+00   8.0402508e-02
   3.1998086e+00   5.5323310e+00
   1.7499079e+00   1.4817183e+00
   3.7907923e+00   5.6074485e+00
   2.8472469e+00   4.8735162e+00
   3.7134552e+00   5.2968853e+00
   1.1490085e+00   1.7263083e+00
   1.7156063e+00   1.4724365e+00
   4.3540305e+00   7.4479685e+00
   1.3496041e+00   1.6019114e+00
   3.6571872e+00   5.9486702e+00
   1.9486850e+00   2.7092379e+00
   2.7719187e+00   5.3604386e+00
   1.6599373e+00   2.3275740e+00
   2.3117199e+00   4.3462738e+00
   1.3234555e+00   2.6289315e+00
   1.1420299e-01  -9.9460433e-02
   1.9406323e+00   4.2780080e+00
   2.4278569e+00   3.1669335e+00
   4.7857220e-01   1.3411638e+00
   7.8191625e-01   2.5580168e+00
   2.3938248e+00   2.5801634e+00
   1.0482942e+00   9.2220793e-01
   2.4671928e+00   2.8631647e+00
   2.1677147e+00   2.7596768e+00
   2.5144895e+00   4.3684577e+00
   1.6457880e+00   2.1061604e+00
   9.6340812e-01   1.9712087e+00
   1.4749067e+00   9.0886949e-01
   1.5702924e-01   7.8522706e-01
   2.2216331e+00   3.5319880e+00
   1.3638667e+00   2.1772701e+00
   2.1475751e+00   2.0342966e+00
   3.4290577e+00   6.4714176e+00
   3.1630017e+00   3.7731582e+00
   1.7288806e+00   2.4240366e+00
   9.0951716e-01   1.8637178e+00
   2.9967629e+00   5.7978647e+00
   2.1658809e+00   3.5088325e+00
   3.1126751e+00   4.2156024e+00
  -1.4622838e-01   9.4917981e-01
   3.6409282e+00   4.3583278e+00
  -4.0344828e-02   3.2141560e-01
   4.2339480e-01   5.6139022e-01
   3.5502977e+00   5.5327658e+00
   2.6972380e+00   3.7664799e+00
   7.8536843e-01   2.4795212e+00
   1.8501944e+00   2.6305017e+00
   2.7195129e+00   5.0505953e+00
   1.4033370e+00   4.1973860e-01
   2.8377671e+00   4.6533122e+00
   1.5937317e+00   1.7129421e+00
   3.7795178e+00   5.2433787e+00
   1.3581542e+00   3.0234419e+00
   1.1548777e+00   8.0334768e-02
   1.9518012e+00   4.1140499e+00
   1.6332496e-01   6.4746353e-01
   1.6651312e+00   1.4454648e+00
   3.1403872e+00   4.1113931e+00
   1.2249958e+00   1.6667361e+00
   7.1279999e-01   1.1824927e+00
   3.6068541e-01   2.2743119e+00
   1.1215353e+00   1.9792575e+00
   4.0236156e+00   5.3735429e+00
   1.3455951e+00   2.2833510e+00
   1.7448498e+00   2.6617869e+00
   3.1933904e+00   5.0440080e+00
   2.2603832e+00   3.4277040e+00
   1.5077640e+00   2.6506714e+00
   2.9306405e+00   3.4920454e+00
   2.6488890e+00   3.9380895e+00
   1.9095911e+00   4.4205873e+00
   3.7242554e-02   1.4846469e-02
   2.1145626e+00   3.5139975e+00
   3.4938342e+00   5.1299671e+00
   2.7023811e+00   4.0002629e+00
   1.8508101e+00   2.1845791e+00
   8.0379287e-01   1.4620685e+00
   2.5933911e+00   4.1252920e+00
   5.3331961e-01   1.9193851e+00
   2.3933555e+00   3.6934598e+00
   2.0487271e+00   1.7746346e+00
   2.8568737e+00   3.5591783e+00
   3.2210104e+00   5.4582990e+00
   1.9276973e+00   3.2427487e+00
   3.9457571e+00   6.9613179e+00
   1.7645083e+00   2.6663394e+00
  -2.2544130e-03   1.8188457e+00
   7.2823237e-01   1.2821079e+00
   2.1262780e+00   3.1140015e+00
   1.2365436e+00   2.2524413e+00
   2.6084184e+00   3.0405755e+00
   2.6652641e+00   3.3327121e+00
   2.1078600e+00   4.4842934e+00
   1.8871233e+00   4.0060185e+00
   6.0583800e-01   9.4773466e-01
   4.7740402e+00   6.0332774e+00
   1.4698244e+00   4.0701286e+00
   2.5626987e+00   3.9317725e+00
   1.2564608e+00   8.3739314e-01
   2.2637156e+00   2.3812021e+00
   1.4548851e+00   1.4520078e+00
   3.3505564e+00   4.4472348e+00
   2.7957962e+00   3.9098927e+00
   2.4254685e+00   3.8381309e+00
   5.7661946e-01   9.1467834e-01
   2.3592099e+00   2.8930225e+00
   1.4762531e+00   3.2999215e-01
   2.4689867e+00   5.2906454e+00
   2.6304466e+00   4.2127347e+00
   1.7998214e+00   2.3413025e+00
   7.8963733e-01   1.2212175e+00
   2.5915888e+00   3.2716071e+00
   2.5199266e+00   3.6311889e+00
   1.0214570e+00   1.5033636e+00
   2.4907773e+00   2.9233729e+00
   3.2465609e+00   5.3543641e+00
   1.3291258e+00   1.1923700e+00
   2.6945842e+00   3.7159283e+00
   3.7088902e-01  -1.6035305e+00
   4.1000389e+00   6.9678804e+00
   2.1858033e+00   3.8474406e+00
   1.5522154e+00   3.7836897e+00
   2.0079729e+00   3.3061531e+00
   3.4922558e+00   5.1326447e+00
   3.1555893e+00   5.9149510e+00
   2.4340696e+00   2.1604052e+00
   2.1862217e+00   4.4083706e+00
   3.3515324e+00   4.4077771e+00
   2.1760569e+00   1.8330480e+00
   3.1602066e+00   6.4875921e+00
   2.8074224e+00   4.4366015e+00
   3.1600823e+00   5.2708277e+00
   3.1123922e+00   4.5165273e+00
   1.7091914e+00   1.8536531e+00
   1.9860536e+00   1.9458219e+00
   2.0499177e+00   1.6946642e+00
   3.4128304e+00   4.3328827e+00
   5.2582755e-01   8.9713918e-01
   2.6153154e+00   3.2515671e+00
   2.6784053e+00   4.4966279e+00
   2.4398631e+00   5.9455196e+00
   2.9422824e+00   3.5728824e+00
   2.6844460e+00   4.3109708e+00
   6.5062320e-01   1.4923966e+00
   1.2768456e+00   2.5800558e+00
   1.1603351e+00   5.2581286e-01
   1.5897323e+00   3.7062576e+00
   2.5659852e+00   2.7116892e+00
   2.0553275e+00   3.3709367e+00
   2.3957883e+00   3.7325829e+00
   3.5107151e+00   5.0950230e+00
   1.0484778e+00   4.0859847e-01
   2.3158274e-01   1.8905559e-01
   6.7915110e-02  -2.1481874e-01
   1.5589453e+00   1.4534564e+00
   1.0422501e+00   4.9925311e-01
   1.1695082e+00   1.4098561e+00
   1.2256712e+00   2.2071938e+00
   3.1560051e+00   5.3929012e+00
   3.5939349e+00   4.8629348e+00
   2.5691006e+00   6.0199224e+00
   9.7813655e-01  -6.3829148e-01
   8.1522582e-02   1.1911212e+00
   2.0564486e+00   3.0353577e+00
   3.1950277e+00   5.9600432e+00
   2.4888402e+00   3.5185003e+00
   3.9946124e+00   5.9673152e+00
   1.0345002e+00   9.2963625e-01
   6.0925030e-01   1.5948338e+00
   1.0670529e+00   2.4664980e+00
   1.6283698e+00   1.5261544e+00
   1.6890466e-01   1.0171872e+00
   1.8881718e+00   3.8576169e+00
   2.2745912e+00   3.4987076e+00
   4.2948978e-01   8.2612381e-01
   2.9149850e+00   3.9999979e+00
   1.3544454e+00   6.9652546e-01
   3.2814526e+00   5.5147818e+00
   2.6806165e+00   3.3553357e+00
   1.1263949e+00   1.5974385e+00
   3.0514544e+00   3.1183799e+00
   2.4531997e+00   2.7115600e+00
   3.4085130e+00   4.1483536e+00
   1.8053445e+00   1.7405269e+00
   2.4485303e+00   3.6563494e+00
   2.3724845e-01   1.5673523e+00
   9.7020336e-01   9.2208691e-01
   1.6016873e-01   3.0937844e-01
   2.1671429e+00   3.8950649e+00
   1.5958507e+00   2.3908826e+00
   1.9659280e+00   2.4670799e+00
   4.0873692e+00   5.1690951e+00
   1.7013045e+00   3.3734190e+00
   3.6850672e+00   4.9764886e+00
   1.7792825e+00   2.5559370e+00
  -5.4535814e-02   5.1207884e-01
   2.1882797e+00   3.8713304e+00
   2.6731961e+00   4.2413492e+00
   1.6421486e+00   2.7443072e+00
   3.8977733e+00   5.6907731e+00
   3.4750500e+00   3.6617242e+00
   5.5929835e-01   1.3059893e+00
   1.9031238e+00   2.2222110e+00
   3.7136530e+00   6.0102908e+00
   1.6458207e+00   1.7556830e+00
   3.6381070e+00   6.4358696e+00
   2.3180914e+00   1.7978684e+00
   1.8066678e+00   2.8709210e+00
   1.2871034e+00   3.3308723e+00
   2.8127174e+00   4.1077029e+00
   1.1540061e+00   1.7748240e+00
   2.4618748e+00   2.6337296e+00
   4.1589291e+00   7.0706260e+00
   2.6441929e+00   3.4984714e+00
   3.4444248e+00   3.3370031e+00
   1.6740950e+00   2.7733324e+00
   2.9145271e+00   3.8834094e+00
   1.3863391e+00   3.1855741e+00
   2.7413494e-01   1.5707979e+00
   1.7029363e+00   3.0281279e+00
   1.9514775e-01  -1.2072097e-01
   1.8049923e+00   1.7774863e+00
   1.9031510e+00   4.2625611e+00
   2.6464409e+00   3.8268199e+00
   1.0046717e+00   6.4001148e-01
   1.4660632e+00  -1.9207864e-01
   1.1359623e+00   2.5610640e+00
   1.7322449e+00   3.0712383e+00
   2.7864617e+00   2.8010751e+00
   1.7585218e+00   1.9260389e+00
   4.0685723e+00   5.3048431e+00
   2.7165386e+00   4.4200856e+00
   2.4309538e+00   3.2431398e+00
   2.3803249e+00   3.9186641e+00
   3.1741048e+00   4.9396515e+00
   3.1839030e+00   3.7221883e+00
   2.0194748e+00   3.6366721e+00
   2.8543408e+00   3.1160998e+00
   3.1485827e+00   5.9287548e+00
   7.9112639e-01   4.8014654e-01
   3.3529460e+00   2.9180476e+00
   2.6195394e+00   5.0702548e+00
   1.4032920e+00   1.1169195e+00
   1.9157990e+00   3.4106492e+00
   2.5482392e+00   4.2210928e+00
   1.1943227e+00   1.5920837e+00
   3.3436239e+00   4.4762613e+00
   5.6356650e-01   6.7726068e-01
   3.2329800e+00   3.9160554e+00
   2.3189856e+00   3.1847438e+00
   1.4367096e+00   7.3834778e-01
   1.2237176e+00   1.4530468e+00
   1.5617730e+00   1.8765162e+00
   3.2197447e+00   4.8331870e+00
   1.9696391e+00   2.0126687e+00
   1.2669594e+00   2.5081253e+00
   8.8331476e-01   9.3261058e-01
   1.7497538e+00   1.9212860e+00
   2.9689254e+00   4.7785292e+00
   1.4200200e+00   1.8388350e+00
   3.3273526e+00   3.8912507e+00
   4.5302568e-01  -2.3280044e-02
   1.3687516e+00   1.9309755e+00
   6.4329161e-01  -1.4403077e-01
   9.0892092e-01   1.0669362e+00
   2.8281215e+00   3.6262047e+00
   3.1435000e+00   4.7714796e+00
   1.1134230e+00   3.3930229e+00
   5.3324835e-01   9.0466647e-01
   1.9541905e+00   2.3939669e+00
   1.2134683e+00   1.0099701e+00
   2.3883477e+00   1.8389648e+00
   8.7762157e-01   2.4343322e+00
   1.3199143e+00   2.0195841e+00
   3.0452382e+00   5.0561263e+00
   2.5134103e+00   3.0333933e+00
   3.1014990e+00   4.6738893e+00
   2.0224060e+00   3.1338807e+00
   2.3893416e+00   3.8686565e+00
   1.8823667e+00   8.8575556e-01
   1.4986629e+00   2.7324603e+00
   1.9278913e+00   4.0619823e+00
   4.4513913e-01  -1.1606557e+00
   1.0843269e+00   1.7472857e+00
   9.7445296e-01   2.1532262e+00
   2.5340372e+00   4.0417597e+00
   1.9066112e+00   2.1038443e+00
   1.4531846e-02  -2.0481509e-01
   2.5587823e+00   4.9559843e+00
   1.2348389e+00   1.3838471e+00
   2.4821061e+00   3.8126043e+00
   6.4587529e-01   5.3866892e-01
   1.6415824e+00   1.3450680e+00
   8.2302804e-01   1.8776421e-01
   1.8667681e+00   3.6518249e+00
   1.3892899e+00   1.5710282e+00
   3.6780893e+00   5.5501213e+00
   2.2001342e+00   2.6171141e+00
   1.7321978e+00   3.9787432e+00
   3.7481399e+00   6.3009205e+00
   2.8722403e+00   4.6120636e+00
   7.9127921e-01   1.9352050e+00
   1.1266258e+00   3.2122891e+00
   1.7826014e+00   2.5234359e+00
  -9.8660551e-01  -1.7827359e+00
   2.2424023e-01   3.2750768e-01
   8.5756002e-01   2.1421440e-01
   2.2185220e+00   1.8034514e+00
   1.2808105e+00   3.2671922e+00
   1.1749132e+00   2.0090623e+00
   1.4643658e+00   2.0920215e+00
   2.4239222e+00   3.7947220e+00
   1.6273304e+00   2.8538662e+00
   2.4001061e+00   3.4840190e+00
   1.9511074e+00   4.1895821e+00
   1.4252903e+00   2.1959844e+00
   2.2898178e+00   4.3847231e+00
   2.3248844e+00   3.0413230e+00
   1.6567676e+00   2.3032051e+00
   2.1957583e+00   4.1780860e+00
   1.5486799e+00   3.6358243e+00
   2.8166497e+00   3.8022101e+00
   1.6253430e+00   1.9195776e+00
   3.0783717e+00   5.8654389e+00
   9.5576878e-01   8.6843190e-01
   1.6327368e+00   3.9699770e+00
   5.6434551e-01   7.9641242e-01
   2.3981079e+00   4.3460378e+00
   6.0375201e-01   3.1435155e-01
   1.3848756e+00   3.2027524e+00
   8.0064622e-01   1.3765581e+00
   2.3924762e+00   1.9681901e+00
   2.8724030e+00   2.8810682e+00
   2.6204440e+00   5.4630845e+00
   2.6304536e+00   3.1931111e+00
   3.3595673e+00   5.2198851e+00
   1.0708455e+00   3.0337718e+00
   1.0940480e+00   1.2849218e+00
   1.8403564e+00   2.8301229e+00
   1.8698368e+00   2.1702530e+00
   1.6749037e+00   1.4220179e+00
   3.1405723e+00   5.2591010e+00
   2.1328504e+00   4.0726616e+00
   3.3073168e+00   5.2738658e+00
   1.5031007e-01   7.3467432e-01
   1.3127491e+00   8.8784708e-01
   1.1434352e+00   1.3884592e+00
   3.5532255e+00   7.6809365e+00
   7.8048170e-01   3.8436975e-01
   1.0084244e+00   2.4832070e+00
   1.1715492e+00   2.2515252e+00
   1.7891914e+00   2.1652247e+00
   5.5087314e+00   9.2052787e+00
   2.8797958e+00   4.0756417e+00
   2.3740163e+00   2.6404111e+00
   1.3553718e+00   2.5752351e+00
   2.0042779e+00   3.7999806e+00
   8.9777973e-01   1.5566360e+00
   1.3559171e+00   1.0034694e+00
   2.3735870e+00   4.1657145e+00
   2.1444893e+00   3.1194832e+00
   1.9132105e+00   2.8183667e+00
   1.1412479e+00   1.7326418e+00
   1.8217853e+00   2.9102202e+00
   2.5149746e+00   3.2127009e+00
   2.6481017e+00   2.8584060e+00
   7.9913408e-01   6.6364947e-01
   1.9358359e+00   3.1617788e+00
   1.2323486e+00   3.8103999e+00
   3.3538515e+00   4.9303543e+00
   2.0796349e+00   3.6846991e+00
   3.8804710e+00   7.6321879e+00
   1.2884608e+00   2.1889746e+00
   9.8999911e-01   5.6858973e-01
   1.0737129e+00  -1.4175505e+00
   2.6581190e+00   2.9576291e+00
   3.7409515e+00   6.7337822e+00
   2.3298964e+00   3.4164928e+00
   1.6693603e+00   1.4550777e+00
   3.1780951e+00   4.0817646e+00
   3.2534239e+00   4.5160866e+00
   4.4068405e+00   7.6175417e+00
   1.5895738e+00   3.0149602e+00
   2.2418054e+00   3.4053297e+00
   3.2506918e+00   4.6351539e+00
   2.3219460e+00   2.4083844e+00
   2.3302336e+00   4.4161279e+00
   1.4478840e+00   2.7722514e+00
   1.3921527e+00   3.2208592e+00
   1.8032320e+00   3.0733162e+00
   2.4766585e+00   4.7438672e+00
   3.3064589e+00   4.9846099e+00
   1.2361383e+00   1.2622491e+00
   2.5225787e+00   4.6524166e+00
   1.0269417e+00   1.6948938e+00
   3.0668822e+00   4.5644039e+00
   3.1215035e+00   4.1530660e+00
   3.0491020e-01   9.3310260e-01
   2.1262126e+00   3.7082108e+00
   1.0230949e+00   2.3988303e+00
   1.1972108e+00   2.7826552e+00
   6.4618050e-01   1.8714083e+00
   3.6522429e+00   5.7513688e+00
   3.5391241e+00   5.3846729e+00
   3.5675744e+00   4.4878615e+00
   1.2644619e+00   2.0978861e+00
   2.6130035e+00   3.2366740e+00
   7.9340298e-01  -1.7678858e-01
   5.2059902e+00   9.8531951e+00
   3.6269670e+00   6.2814221e+00
   6.5349560e-01   7.3037181e-01
   1.5375482e+00   2.1060343e+00
   2.2727204e+00   4.8883916e+00
   1.2193637e+00   3.0721481e+00
   3.4145644e+00   5.6760949e+00
   2.3117876e+00   3.1843893e+00
   3.8189828e+00   4.7856666e+00
   3.7663515e-01   3.9995090e-01
   1.6292137e+00   3.9454586e+00
   1.3593688e+00   2.4343988e+00
   3.6812901e+00   4.8452624e+00
   1.0254801e+00   1.8028919e+00
   1.1480725e+00   1.0010399e+00
   7.3530608e-01   6.7713886e-01
   1.0111158e+00  -1.3176507e+00
   2.5402678e+00   5.6057749e+00
   2.2122566e+00   4.2885492e+00
   3.3559088e+00   5.7676179e+00
   1.8009357e+00   2.6741914e+00
   3.9207272e+00   4.3833935e+00
   3.0555931e+00   4.7073500e+00
   3.6627070e+00   5.7797557e+00
   1.4964285e+00   3.0844682e+00
   1.8407999e+00   2.8272700e+00
   2.1555203e+00   3.3899557e+00
   2.8136021e+00   4.5520469e+00
   7.2916450e-01   2.6239461e-01
   2.3430453e+00   4.2189505e+00
   1.6209446e+00   1.8944270e+00
   2.0258745e+00   2.2649616e+00
   7.3589518e-01   1.5682547e+00
   1.7502001e+00   3.2059218e+00
   1.5742837e+00   2.9238185e+00
   3.9242516e+00   5.9433452e+00
   9.1986940e-01   4.7154081e-01
   6.8768413e-01   1.1688795e+00
   1.7839212e+00   2.6932460e+00
   3.3842942e+00   5.6427594e+00
   9.1911372e-01   2.0563764e+00
   2.3279253e+00   3.7555142e+00
   1.8640863e+00   1.9207839e+00
   2.3013008e+00   2.4997912e+00
   3.2516845e+00   5.7971464e+00
   1.9040904e+00   3.2586850e+00
  -1.1692768e-01   5.8232531e-01
   3.3162897e+00   5.2057533e+00
   1.2808223e+00   1.8457568e+00
  -2.0426713e-01   9.5370478e+00
   1.9809660e-01   8.3437780e+00
   4.8002812e-01   8.6367237e+00
   2.7332634e+00   7.5822070e+00
   8.6787801e-01   9.3892000e+00
   2.8337028e+00   6.8490187e+00
  -9.3585486e-01   9.2090280e+00
   9.6499152e-01   7.1683359e+00
   3.6764811e-01   8.0471613e+00
  -2.6493205e-01   8.7614427e+00
   1.8120410e+00   8.8174396e+00
   7.8886938e-01   8.2051628e+00
   7.9748596e-02   7.0817510e+00
   1.6300230e+00   5.8651686e+00
   1.5803585e+00   7.0679163e+00
   8.6533952e-01   8.0595726e+00
   4.2346622e-01   7.8886976e+00
   2.2533863e+00   6.7054711e+00
   2.0429321e+00   8.8999788e+00
   6.5992574e-01   8.1592460e+00
   1.0140104e+00   7.9217424e+00
  -3.7589990e-02   8.0980897e+00
   2.7431497e-01   7.2235173e+00
   8.4718623e-01   8.3810744e+00
  -1.1180413e+00   9.0327747e+00
   2.9542677e-01   8.1268959e+00
   2.3322818e+00   7.2915474e+00
   1.0110510e+00   6.1080280e+00
   2.1973843e+00   8.4916078e+00
   3.9308153e-01   8.3501405e+00
   1.2228265e+00   8.2323599e+00
   5.0469309e-02   8.5105903e+00
   1.9572446e-01   1.0034466e+01
   1.9353690e+00   7.4377777e+00
  -9.3743404e-02   8.3160729e+00
   9.4737371e-01   7.9945666e+00
   3.5641800e-01   9.5236473e+00
   5.7205752e-01   8.5740516e+00
   2.0610889e+00   6.5247967e+00
   1.0520255e+00   6.9091848e+00
   2.7069438e+00   7.5790459e+00
   2.5060706e+00   7.2349354e+00
   2.0901774e+00   8.6222908e+00
   2.5553398e-01   9.7501543e+00
   1.2815808e+00   7.9889394e+00
   1.8287896e+00   8.6835830e+00
   2.5211995e+00   6.4463334e+00
   6.7976063e-01   8.4724706e+00
   8.9076488e-01   8.8219515e+00
   3.4220185e-01   8.6148888e+00
   1.0621716e+00   8.1270482e+00
  -2.3809499e-01   8.7026930e+00
   2.4538386e+00   9.2738104e+00
   9.6814332e-01   7.4077678e+00
   2.4569386e+00   5.8867097e+00
   3.3565650e-01   9.1101264e+00
   1.3069079e+00   7.6828511e+00
   2.2847313e+00   6.0936016e+00
  -2.0650772e-02   7.9348631e+00
   1.6324875e+00   8.0095752e+00
   4.0718313e-01   9.1194171e+00
  -7.3291764e-01   7.4172155e+00
   1.0928593e+00   7.7542652e+00
   1.9711594e+00   6.9635396e+00
   7.9038396e-01   7.8677442e+00
   8.6672023e-01   7.4887168e+00
  -5.0235737e-02   9.3723887e+00
   1.2749081e+00   8.3767657e+00
   6.9489983e-01   8.1641512e+00
   1.7881665e+00   7.3946978e+00
  -1.2178604e+00   9.7512411e+00
   5.1603867e-01   7.9949819e+00
   1.1471913e-01   9.5756837e+00
   1.3490444e+00   7.3252085e+00
   3.4800792e+00   7.6361910e+00
   3.0609564e-01   9.2209328e+00
   1.6438694e+00   6.5480211e+00
   6.3500919e-01   7.8673173e+00
   1.6051890e+00   6.4029426e+00
   1.2288801e+00   7.9521352e+00
   1.5734316e+00   7.8213547e+00
   1.2534025e+00   8.6519629e+00
   1.4699897e+00   7.5899193e+00
  -5.4448442e-01   8.5729893e+00
   9.9304843e-01   8.2934997e+00
   1.0030366e+00   8.3435120e+00
   1.8457670e+00   7.2804743e+00
   1.3598559e+00   8.4350599e+00
   1.1417825e-01   9.2478773e+00
  -8.9564679e-01   9.1428709e+00
   1.8611634e+00   7.3502918e+00
   8.8403393e-01   7.7540315e+00
   9.6979013e-01   8.3274625e+00
   4.1067886e-01   7.9783794e+00
   1.9441606e+00   8.8720766e+00
   2.4005802e+00   7.9274093e+00
   6.1532540e-01   7.7802598e+00
   1.3973746e+00   7.8340846e+00
   1.8195894e-01   7.5719901e+00
   2.1398006e+00   6.6634114e+00
   2.1498600e+00   7.1854751e+00
   9.1307206e-01   8.8959986e+00
   1.5087630e+00   8.8169288e+00
   1.3329595e-02   1.0042775e+01
   1.9359313e+00   7.5200193e+00
  -1.8490819e-01   8.4546339e+00
   2.5941392e+00   6.8866653e+00
   9.5430170e-01   6.6007439e+00
   1.2969660e+00   8.3589493e+00
   1.8771210e-02   9.0651140e+00
   6.9694938e-01   8.6359841e+00
  -2.0009970e-01   9.2790597e+00
   7.6925569e-01   8.9049573e+00
  -6.6835909e-01   1.0044949e+01
   2.1846297e+00   8.6945810e+00
   1.5365680e+00   7.7374843e+00
   1.5893692e+00   6.6783050e+00
   1.2564433e+00   8.4146273e+00
   8.3838264e-01   7.6231335e+00
   7.7137930e-01   8.2191983e+00
   1.0109620e+00   7.8780114e+00
   3.2889642e-01   9.1911539e+00
   6.2924063e-01   8.4080732e+00
   1.8806761e+00   7.1408072e+00
   1.2198614e+00   7.6283640e+00
  -1.6570643e+00   8.9813053e+00
   1.7566854e+00   8.8841405e+00
   1.8331623e+00   7.7484469e+00
   1.5206137e+00   7.6366611e+00
   5.6838722e-01   8.8056094e+00
   1.6791835e+00   7.7082736e+00
   6.2189233e-01   9.1203827e+00
   1.1029154e+00   8.3366553e+00
   1.7462731e-01   8.2165046e+00
   2.5879306e-01   8.4674774e+00
  -1.0469078e-01   8.0936309e+00
  -7.2092287e-01   8.2899600e+00
   2.6495074e+00   7.2595879e+00
   1.5354516e+00   5.3332879e+00
   7.2864813e-01   9.2512413e+00
   1.4389819e-01   8.9964645e+00
  -5.2497336e-01   9.6216367e+00
   1.7874080e+00   7.3574284e+00
   1.3955003e+00   6.6359084e+00
   1.6283077e+00   8.6570598e+00
   4.4841332e-01   8.4579210e+00
   1.2016179e+00   7.8604054e+00
   2.1824676e+00   6.4580008e+00
   2.2209891e-01   6.8743476e+00
   1.1392700e+00   7.6921190e+00
   5.8651039e-01   9.0324054e+00
   1.0023706e+00   6.3802511e+00
   5.8041124e-01   9.0863677e+00
   8.1380597e-01   8.3415295e+00
   8.0402056e-01   8.1088981e+00
  -8.1281056e-02   9.4701571e+00
   1.0276997e+00   6.6474312e+00
   1.0059853e+00   7.1330836e+00
   1.5601095e+00   7.5065640e+00
  -1.0101612e+00   9.9327066e+00
   1.8930080e+00   8.0059070e+00
   1.6616960e+00   6.9205385e+00
   6.7717637e-01   9.3413712e+00
  -1.2967880e+00   8.9571812e+00
   1.2004352e+00   7.2559901e+00
   2.4663393e+00   7.2085259e+00
  -6.4567190e-01   1.0054262e+01
   2.3693707e+00   6.0030549e+00
   1.9825512e+00   7.4431622e+00
   1.3160621e+00   7.7901638e+00
   1.8417677e+00   6.3430752e+00
   2.1772875e-01   7.6939606e+00
   1.9569106e+00   6.5091295e+00
   5.7535389e-01   8.4758441e+00
   1.7096823e+00   8.0892653e+00
   2.6750817e+00   8.8580238e+00
  -1.1505904e-01   8.5305771e+00
   2.0732026e-01   8.4608966e+00
   6.8337038e-01   9.3991704e+00
   1.7332494e+00   7.6844663e+00
   8.8668430e-01   8.0608659e+00
   4.8461976e-01   8.2146761e+00
  -1.1433327e+00   8.5760306e+00
   1.0503021e+00   7.7999131e+00
  -3.2223489e-03   8.9180762e+00
   2.3142411e+00   7.3011033e+00
   1.6057792e+00   5.7388138e+00
   4.7719162e-01   6.4196484e+00
   1.1609491e+00   7.3721788e+00
   2.2923733e+00   6.6357055e+00
   3.6418517e+00   7.0306840e+00
   1.3658218e+00   7.6620022e+00
  -1.9895261e-01   8.8036283e+00
   9.6957946e-01   8.4904175e+00
  -7.2680027e-02   8.2663430e+00
   1.1610894e+00   7.6674706e+00
   1.0262207e+00   8.8414924e+00
   2.4061798e+00   8.2819298e+00
   4.8872213e-02   9.3983873e+00
   6.6384222e-01   8.4670964e+00
   1.4607141e+00   7.8407400e+00
  -9.0481976e-03   1.0120145e+01
   8.5334313e-01   7.7025765e+00
   9.0497098e-01   6.9858594e+00
   2.2271377e+00   7.4608118e+00
   1.0641498e+00   8.0972673e+00
  -8.7624601e-01   9.0313302e+00
   2.1696796e+00   8.7554329e+00
   8.2598067e-01   7.0325831e+00
   2.4983797e+00   7.7361835e+00
   1.4618487e-02   8.3556496e+00
   3.3091729e-01   9.7812462e+00
   1.1036680e+00   7.9075341e+00
  -5.2119685e-01   9.0606965e+00
   1.7336678e+00   9.1040578e+00
   1.4368314e-01   8.5815199e+00
   4.5563543e-01   7.8565195e+00
   5.0463692e-01   7.4483595e+00
  -4.5562639e-01   8.3053132e+00
   5.7208081e-01   7.8976528e+00
  -5.0986001e-01   9.2110545e+00
   1.8462899e+00   8.2167120e+00
  -1.0187270e+00   8.6224458e+00
   3.9625731e-01   9.2908353e+00
   1.6446346e+00   6.7438096e+00
   2.4080565e+00   8.1339093e+00
   1.5669772e+00   7.3788833e+00
   3.4603842e-01   7.7876615e+00
  -2.4585790e-01   8.5213856e+00
   1.3970011e+00   8.1614361e+00
  -2.5317496e-01   9.8705000e+00
  -2.5243796e-01   1.0044694e+01
   1.4155768e+00   7.1449229e+00
   4.7903473e-01   7.1246778e+00
   2.1023807e+00   7.4076160e+00
   1.3464604e+00   7.4106187e+00
  -5.8412834e-01   8.4964512e+00
   2.1337827e+00   7.0155177e+00
   4.0331343e-01   9.0256486e+00
   7.9979832e-01   8.3637159e+00
   8.4589294e-01   9.2983426e+00
   4.4123632e-01   8.1209007e+00
   1.2001449e+00   8.6935799e+00
   2.9997741e+00   7.4960336e+00
   8.4285068e-02   8.5080975e+00
   7.8778736e-01   8.0754475e+00
   1.4176377e+00   9.0840492e+00
   5.0663039e-01   7.4800479e+00
   2.0280065e+00   7.5663486e+00
   1.1778149e+00   8.7229817e+00
   1.6377289e+00   7.3498366e+00
   3.9031786e-01   8.6526311e+00
   1.5165255e+00   7.8157434e+00
   1.9504424e-01   7.8036777e+00
   2.3197393e+00   8.3975247e+00
   1.2346057e+00   8.3444381e+00
   8.3899845e-01   8.4174589e+00
  -6.8908944e-01   9.3747978e+00
  -3.7405288e-02   7.1572832e+00
   8.2892067e-02   8.4528222e+00
  -6.0220686e-01   1.0017860e+01
   1.2528704e-01   9.5616327e+00
   1.0957069e+00   7.1659315e+00
   2.3587313e+00   6.6407019e+00
   1.2618416e+00   8.2073120e+00
   1.4735312e+00   7.3778866e+00
   2.1042540e+00   8.0777197e+00
   8.5600131e-01   9.5003030e+00
  -1.6897353e+00   9.6488011e+00
   3.7898150e-01   8.5466204e+00
   1.6119354e+00   7.6556445e+00
   2.2216317e+00   6.8146570e+00
  -1.3693335e-01   7.5619349e+00
  -1.3258027e+00   9.4373177e+00
   2.7367048e+00   7.0782579e+00
   6.2877007e-01   7.5530957e+00
   1.3527237e+00   7.2062834e+00
   1.9766024e+00   8.0649858e+00
   1.1707376e+00   7.8653272e+00
   1.1350417e+00   7.4300784e+00
   1.9598939e+00   7.4657454e+00
   4.3365831e-01   8.5404065e+00
   5.7738149e-01   8.4608023e+00
  -1.1487109e-01   7.7725443e+00
   1.2144614e+00   7.9687124e+00
   2.3560606e+00   6.1666169e+00
   2.4720814e+00   7.0864231e+00
   3.3410340e-01   8.7613690e+00
   3.0727767e-02   9.2683830e+00
   4.8207327e-01   7.6308426e+00
   1.7096890e+00   6.0395839e+00
   7.8123908e-02   8.3842727e+00
   1.7827105e+00   7.9844756e+00
  -4.4840946e-01   8.1522391e+00
   1.0386917e+00   8.1225705e+00
   6.8944298e-01   7.3877555e+00
   6.2237762e-01   8.5737733e+00
   2.1067648e+00   8.8404291e+00
   8.9215816e-01   6.5149548e+00
   6.8628308e-01   6.9447926e+00
  -7.1395940e-02   9.3824279e+00
   1.8876287e+00   6.9679963e+00
  -5.9375342e-01   8.9972176e+00
  -6.7238544e-02   7.6596955e+00
   2.4799325e-01   8.7713657e+00
   2.9624658e+00   7.3467623e+00
   8.7865055e-01   9.0603235e+00
   8.6279122e-01   9.0491106e+00
   1.4403087e+00   7.4709426e+00
   1.1765118e+00   7.0785264e+00
   1.3236573e+00   8.8596310e+00
   1.5492233e-01   8.5595400e+00
   1.3699196e+00   7.5195835e+00
   6.8957308e-01   8.7477848e+00
   2.0635932e+00   7.1546222e+00
   8.3459514e-01   7.8043622e+00
   1.5002107e+00   7.3137300e+00
  -3.9608506e-01   9.4202457e+00
  -5.6372466e-01   8.9228473e+00
   8.9126045e-01   8.0931924e+00
   9.2775079e-01   7.4373727e+00
   1.8804905e+00   6.8924159e+00
   2.2653797e+00   7.6173038e+00
   1.9510103e+00   6.4727936e+00
  -2.4982886e-01   9.6676985e+00
   1.3677884e+00   7.7105017e+00
  -3.2663274e-01   8.4467918e+00
   3.3064155e-01   9.3879792e+00
  -2.6755580e-01   9.3806656e+00
   9.6220874e-01   8.1938667e+00
  -6.0795210e-01   9.1362612e+00
   1.8418184e+00   7.9630109e+00
   2.6794273e+00   7.3024279e+00
   2.8231797e+00   6.0740846e+00
   6.1846991e-01   7.7263599e+00
   8.2355972e-01   8.3276955e+00
   1.7505850e+00   8.9007873e+00
   9.6667597e-01   7.5819958e+00
   1.3782182e+00   8.8930664e+00
   6.0262535e-01   7.0413464e+00
   2.3294373e+00   7.5380539e+00
   1.6719611e+00   6.1775471e+00
   2.3644159e+00   7.7807016e+00
   1.8184362e+00   6.9050195e+00
   4.9459227e-01   7.1701397e+00
  -2.6696100e-01   9.5109369e+00
   2.2497884e+00   7.9523810e+00
  -6.8226129e-01   1.0198154e+01
   2.0062358e+00   7.0000120e+00
   1.2474602e+00   8.7296468e+00
  -1.2847744e+00   9.0844105e+00
   9.7014884e-01   6.4674975e+00
   2.5022352e+00   6.3447211e+00
   8.3378015e-01   7.4346875e+00
   2.9108120e+00   6.4015230e+00
   2.5400275e+00   7.2602029e+00
   1.3158503e+00   7.5407874e+00
   1.3079407e+00   7.4904190e+00
   2.8814550e-01   8.2070240e+00
   3.1095674e+00   5.6398503e+00
   9.3245612e-01   6.9614947e+00
   1.6603690e+00   6.6906433e+00
   6.6260215e-01   8.4400471e+00
  -4.8804298e-01   8.6386213e+00
   3.1553290e+00   6.5605784e+00
   3.3213152e+00   6.1937445e+00
   7.8764708e-01   9.8628964e+00
   2.7406035e-01   8.7760307e+00
   1.1729243e+00   8.5307524e+00
   2.2957570e+00   7.1680496e+00
   1.9457091e-01   9.4289807e+00
   1.3195830e+00   7.8802753e+00
   1.1091072e-01   7.5525546e+00
   1.9775850e+00   7.4597075e+00
   2.5650577e+00   7.9651244e+00
   5.7950993e-01   7.6197426e+00
   6.3954442e-01   8.0351136e+00
   2.5251528e+00   6.7134409e+00
   1.5430654e+00   7.5360623e+00
   5.9254037e-01   8.3796421e+00
   1.5047333e+00   6.6013184e+00
   5.0862616e-01   9.0506680e+00
   7.1037255e-01   8.0259473e+00
   1.5077649e+00   7.3527803e+00
   1.5389096e+00   8.8705208e+00
   1.1273341e+00   7.6784186e+00
   2.4299616e+00   7.1217593e+00
   1.4535283e+00   8.3485166e+00
   2.2899571e+00   7.3415588e+00
   4.0590816e-01   8.1840973e+00
   5.4168685e-01   7.8748044e+00
   1.2673588e-01   7.9756282e+00
   2.5854157e-01   8.0108099e+00
   1.5779997e+00   6.8567420e+00
   1.7988482e+00   7.9790992e+00
   1.7183694e+00   6.7812345e+00
   6.6358963e-01   8.8472697e+00
   1.8736584e-02   8.3197754e+00
   7.7977637e-01   7.0377545e+00
   1.9694272e+00   7.3095937e+00
   1.0301009e+00   8.3528539e+00
   2.0642094e+00   6.0444273e+00
   2.4785526e+00   6.0174410e+00
   1.3451173e+00   9.4872599e+00
  -5.0545161e-01   1.0422962e+01
  -4.5890684e-01   8.8787340e+00
   1.7288194e-01   8.5702233e+00
   1.8636194e-01   9.5900932e+00
   1.6407300e+00   8.8005101e+00
   3.0308865e+00   7.9750425e+00
   7.2644321e-01   6.6659551e+00
   2.0719930e+00   7.7971905e+00
   5.7747213e-01   8.6055543e+00
   1.4743058e+00   7.0393096e+00
   1.0743220e+00   8.4751673e+00
   1.6007190e+00   6.9473955e+00
   1.8391083e+00   7.4882745e+00
   2.1329837e+00   7.0813437e+00
   9.1705933e-01   7.0427714e+00
   3.5828133e-01   8.2850935e+00
   1.9705496e+00   7.1836082e+00
   1.9371322e+00   7.5673863e+00
   1.3256909e+00   7.7281004e+00
   6.7874159e-01   9.2148195e+00
   6.9973624e-01   8.4089792e+00
   8.7257125e-01   9.3249007e+00
   1.7424684e+00   6.3330108e+00
   1.1837709e+00   8.0596667e+00
   4.5288258e-01   8.1942435e+00
   3.0471108e-01   8.4194031e+00
   1.5247643e-01   7.3825869e+00
   1.2834728e+00   7.0623303e+00
  -6.6217406e-01   7.8365159e+00
   1.5825047e+00   8.7737511e+00
   1.9043874e+00   8.1484181e+00
   6.3716606e-01   9.1057597e+00
   2.5524300e-01   9.0320383e+00
   1.0107664e-01   7.4553212e+00
  -8.6863568e-02   8.4613108e+00
   2.8253598e+00   7.8874081e+00
   1.4656673e+00   6.9505864e+00
  -2.2574322e-01   8.8303506e+00
   4.3203109e-01   8.4752032e+00
  -6.9725837e-02   9.4948827e+00
   1.6485147e+00   8.2063157e+00
   2.4461555e+00   7.8550075e+00
  -1.0095083e+00   9.7636967e+00
   1.5066485e+00   9.7933475e+00
   1.5944940e+00   9.0160574e+00
  -5.1860123e-01   7.8866562e+00
   1.3980923e+00   8.8885476e+00
   2.2695246e+00   7.8427510e+00
   2.2605261e+00   8.6905007e+00
  -1.0829762e-02   9.1021864e+00
  -6.9980733e-01   7.7920136e+00
   1.0266913e+00   7.7185001e+00
   2.0593452e+00   7.6039651e+00
   1.7019630e-01   8.6482793e+00
   1.3897172e+00   7.0619399e+00
  -2.5495938e-01   8.6612716e+00
   1.5402998e+00   8.7242745e+00
   2.2211470e+00   7.7082365e+00
   1.0737906e+00   9.0614107e+00
   1.4563814e+00   6.3331868e+00
   1.2910118e+00   7.9146422e+00
   9.5534199e-01   8.2044986e+00
   6.1052132e-01   9.5482629e+00
   2.0549119e+00   7.0532191e+00
   4.7610604e-01   9.5259688e+00
  -3.9458541e-02   9.2902815e+00
   1.3023870e+00   7.7382746e+00
   1.1733118e+00   8.3761502e+00
   7.1372085e-01   8.2981332e+00
   1.1009164e+00   7.2253552e+00
   1.5885549e+00   6.4276601e+00
   4.3879015e-01   8.2080099e+00
   2.0733108e+00   8.0361753e+00
   1.4728916e+00   8.5040889e+00
  -1.0490749e-01   7.9753839e+00
   2.1810811e-01   8.5369773e+00
   1.1962592e+00   8.0867109e+00
   2.2943111e+00   7.0712781e+00
   1.6058662e+00   8.7673996e+00
   2.0095685e+00   7.7356190e+00
   1.2688055e+00   7.4084062e+00
   1.3777752e+00   8.7340816e+00
  -4.1418979e-01   8.2372968e+00
   1.3658787e+00   7.8576697e+00
   2.2150061e+00   8.2611546e+00
   1.9290903e+00   7.6831662e+00
   6.4029578e-01   9.0987263e+00
   3.9268014e+00   5.1270825e+00
   1.5656483e+00   7.4746863e+00
   1.3817802e+00   8.3870766e+00
   1.3117178e+00   7.9223412e+00
   3.5523194e-01   8.7705459e+00
   2.3201719e+00   6.5548128e+00
   4.7214380e-01   9.1399668e+00
   3.5288882e+00   6.2080684e+00
   7.7527279e-01   7.6809431e+00
   1.0672151e+00   7.3216167e+00
   1.1549761e+00   9.0654013e+00
  -3.3490498e-01   9.2575180e+00
   9.9102558e-01   7.5965301e+00
   1.2053673e+00   8.0472046e+00
   1.9077890e+00   9.0397263e+00
   7.3515637e-01   7.8938208e+00
   2.3700803e+00   7.1515952e+00
   1.7370830e+00   7.6361859e+00
  -4.6645417e-02   8.6676729e+00
   1.0622664e+00   7.7628680e+00
   1.9119894e+00   7.8438827e+00
  -1.0330029e-01   9.4032126e+00
   2.5802675e+00   7.7736982e+00
   7.9108015e-01   8.2954657e+00
   5.7677770e-01   8.3808426e+00
   8.6996979e-01   8.0680198e+00
  -2.4232872e-01   7.9670260e+00
   8.0916979e-01   8.9105604e+00
   4.9591967e-01   8.0975959e+00
   1.5873075e+00   6.8811307e+00
   8.4184884e-01   7.3897126e+00
   1.4285213e+00   7.4314875e+00
   1.6613711e+00   7.4875522e+00
   1.4447341e+00   9.1262485e+00
   1.6010633e+00   8.1603144e+00
  -9.7420873e-01   1.0006482e+01
   2.2159491e+00   6.9978399e+00
   1.4089712e+00   7.9727618e+00
   1.2478695e+00   8.5744648e+00
   6.4096740e-01   8.6491576e+00
  -7.0692760e-01   8.6389466e+00
  -3.3747082e-01   8.5982331e+00
   1.8853092e+00   7.9191156e+00
   1.9922189e-01   9.3835887e+00
  -1.2240292e+00   8.9107662e+00
   4.8457755e-01   8.6128690e+00
   6.4058995e-01   8.4389036e+00
   1.4386784e+00   9.3222951e+00
  -6.3284450e-01   8.8692877e+00
   1.0115266e+00   8.5445948e+00
   1.2966100e+00   8.5798470e+00
   7.1432335e-02   8.1287152e+00
   2.9561389e-01   9.1174081e+00
   1.2212351e+00   7.5090716e+00
   2.5523780e+00   7.9169310e+00
   9.4707394e-03   9.0296583e+00
   1.9296787e+00   6.2991804e+00
   5.5200182e-01   8.8540755e+00
   1.1399499e+00   7.7631404e+00
   1.2927196e+00   7.4572739e+00
   1.7013999e+00   7.9571002e+00
   1.4186927e+00   7.7095519e+00
   2.2229315e+00   6.9992026e+00
  -6.2727636e-02   8.3374060e+00
   7.9385726e-01   9.2630239e+00
   3.5451921e+00   6.6211932e+00
  -6.6285512e-01   9.0783452e+00
   1.3288776e+00   7.8317214e+00
  -2.8677548e-01   7.9381364e+00
   4.3066732e-01   8.0237931e+00
   1.3031322e+00   7.2357615e+00
   1.3996491e+00   7.0367038e+00
   2.0521445e+00   8.1388292e+00
   8.5452850e-01   7.4629840e+00
   1.1454523e+00   8.1472753e+00
   1.5547543e+00   8.2292235e+00
   7.0409940e-01   9.1951108e+00
   1.4150113e+00   6.8601911e+00
   1.0649399e+00   7.7915841e+00
   2.1300003e+00   6.4664074e+00
   1.6812676e+00   7.1124659e+00
   2.8028359e+00   4.5144824e+00
   1.5945695e+00   7.7396429e+00
   4.1669643e-01   7.8596633e+00
   2.5623834e+00   7.6746104e+00
   1.6908083e+00   9.0477698e+00
   8.8371809e-01   7.2113348e+00
   9.2060220e-01   8.8496753e+00
   1.0928803e+00   8.1444156e+00
   1.8451633e+00   6.6607631e+00
   1.1981931e+00   8.2978808e+00
   1.3500714e+00   7.5522473e+00
   4.8030187e-01   8.9721600e+00
   1.1859825e+00   7.6269250e+00
   1.7299821e+00   7.6512067e+00
   5.2019585e-01   8.6919378e+00
   9.4281473e-01   6.8893243e+00
   1.0528922e+00   8.5590012e+00
   6.1611806e-01   8.7887275e+00
   1.6338190e+00   8.4276739e+00
   1.4420641e+00   7.6016552e+00
   3.0627253e+00   6.8008659e+00
   2.0482860e+00   5.6310246e+00
   8.9649905e-01   7.9143160e+00
   3.7935358e-01   7.9148733e+00
   1.3047433e+00   6.5805019e+00
   9.9416085e-01   7.1594580e+00
   6.3600690e-01   8.6744790e+00
   1.9036764e+00   6.5589325e+00
   1.0182943e+00   8.6346436e+00
   6.5733053e-01   8.7374969e+00
   5.8713428e-02   8.5287547e+00
   5.3604590e-01   8.7195211e+00
   1.1827417e+00   8.3743559e+00
   7.6020936e-01   7.7224734e+00
   2.8041441e-01   8.4881568e+00
   1.3881491e+00   7.8934962e+00
   1.6045795e+00   8.3386731e+00
   1.2600478e+00   7.7001990e+00
  -6.1520063e-01   9.6366513e+00
   8.6009303e-01   7.2242791e+00
   1.4684182e+00   7.7663177e+00
  -4.1289723e-01   7.0503338e+00
  -1.9799565e-01   8.1859856e+00
   8.0575249e-01   8.9632524e+00
   9.9729675e-01   9.3374492e+00
   1.6863745e+00   6.0314695e+00
   1.4836003e+00   7.4652068e+00
   1.5830220e-01   7.2663144e+00
   2.0113282e+00   8.7320785e+00
   1.0508535e+00   8.9933366e+00
   1.3282245e+00   8.1341745e+00
   3.5530662e-01   7.9016345e+00
   7.7025432e-01   8.9659707e+00
   4.6801079e-01   8.0542856e+00
   1.3239244e+00   7.6997035e+00
   1.4407027e-01   8.9482711e+00
   1.3800592e-01   8.6609316e+00
   1.4529338e+00   6.9476676e+00
   1.7682675e+00   7.8871454e+00
   1.9765416e+00   8.4715443e+00
   1.8443929e+00   7.8586996e+00
   1.8285950e+00   8.0539711e+00
   1.7190922e+00   6.9932474e+00
   2.2864570e+00   7.4916105e+00
   1.4893553e+00   9.3883698e+00
   1.3478213e+00   7.1603345e+00
   9.7404943e-01   8.7143088e+00
   8.6294934e-01   8.4153505e+00
   1.6657677e+00   9.4161406e+00
   1.1407698e+00   7.2141318e+00
   7.1653344e-02   8.5308052e+00
   7.5914450e-03   9.9500088e+00
  -5.6490607e-01   8.0507642e+00
   6.5675043e-01   8.4307664e+00
   9.7881556e-01   8.2569426e+00
   1.4831011e+00   7.0659875e+00
   1.4301966e+00   8.4942537e+00
  -2.8651314e-01   7.5829574e+00
   4.2025800e-01   8.3088593e+00
   7.2791418e-01   7.6016980e+00
   3.0847688e-01   8.4064513e+00
   4.1865843e-01   6.9686270e+00
   1.8722336e+00   7.7543406e+00
   9.7143509e-01   7.7375668e+00
   1.8080587e+00   7.6570774e+00
   2.3255915e+00   7.7943087e+00
   1.4051267e+00   8.2372219e+00
   1.1984338e+00   7.9153368e+00
  -1.5263206e-01   9.2451849e+00
   1.0272661e+00   7.0625706e+00
  -6.0868163e-01   8.7411113e+00
   2.6297687e+00   7.0211596e+00
   5.1140280e-01   7.5392910e+00
   1.9783344e+00   8.4001103e+00
   4.9945088e-01   9.6157008e+00
   3.0869597e-01   7.5592046e+00
   9.7549548e-01   8.6305841e+00
   2.9164433e-01   8.9232706e+00
   8.8202580e-01   8.0778034e+00
   3.0212402e-01   8.1068100e+00
   9.4329469e-01   8.7713668e+00
   1.5541123e+00   7.7366418e+00
   1.6463398e+00   7.1856399e+00
   3.9208187e-01   9.2874685e+00
   8.5567721e-01   8.1133980e+00
   1.0687964e-01   9.0753911e+00
   1.5147383e+00   7.0263239e+00
   2.1544345e+00   8.2846902e+00
   1.9112997e+00   7.1299065e+00
   1.2476908e+00   7.4471952e+00
  -3.5605207e-01   8.2193049e+00
   2.2903491e+00   6.5736928e+00
   2.1708801e+00   6.9987446e+00
   1.6231749e+00   8.5276302e+00
   2.7071687e+00   7.5896919e+00
   1.1967867e+00   7.3219583e+00
  -3.9849047e-02   9.1063278e+00
   7.5118751e-01   6.3382551e+00
   2.1270725e+00   7.4834164e+00
   1.2450775e+00   6.6609805e+00
  -1.0526620e-01   8.3594650e+00
   2.4106878e-01   8.8626395e+00
   4.9736812e-01   7.9079889e+00
   2.4501638e+00   6.0793403e+00
   3.8067180e-01   8.4823196e+00
   1.2214693e+00   8.3512883e+00
   5.5720816e-01   8.0983260e+00
   1.5916877e+00   7.1931162e+00
   1.9566570e+00   7.8343510e+00
   2.1800196e+00   8.5780790e+00
   8.2004196e-01   8.0965528e+00
   1.2150033e+00   8.0992950e+00
   2.8582001e+00   6.4055993e+00
   6.4899075e-01   6.4444452e+00
  -1.3197322e-02   8.2432743e+00
   2.2848890e+00   8.4194560e+00
  -8.2806030e-02   7.9428542e+00
   9.7845519e-01   8.4528458e+00
   1.9114506e+00   7.7147535e+00
   1.4594847e+00   8.0716804e+00
   7.2798247e-01   8.0771269e+00
   2.0772154e+00   7.9117017e+00
   8.1321857e-01   8.7326784e+00
   3.6371315e+00   5.5586459e+00
   1.4360899e+00   6.1479490e+00
   1.6059955e+00   8.5093784e+00
   1.6392352e+00   7.4322354e+00
   5.7960876e-01   8.3322432e+00
   2.5464538e+00   7.4639228e+00
   1.3440508e+00   8.7370222e+00
   1.8601628e-01   9.5280593e+00
   1.0097543e+00   7.2853901e+00
   3.9008513e-01   9.6994563e+00
   1.7106579e+00   6.3824807e+00
   9.1263895e-01   6.7173315e+00
   8.9233485e-01   7.8482618e+00
  -5.0228295e-01   9.6528818e+00
   7.5302590e-01   8.1858168e+00
   2.1647854e+00   7.0875618e+00
   1.4770861e+00   6.3958933e+00
   1.3547017e+00   7.6306250e+00
   1.2713617e+00   8.5420476e+00
   6.1182808e-01   8.4711802e+00
   8.9376885e-01   7.7118466e+00
   1.1685563e+00   8.0671010e+00
   1.2487819e+00   6.4095147e+00
   1.9394093e-01   7.5286590e+00
   8.9813199e-01   9.3160122e+00
   3.1066171e-01   8.1243054e+00
   3.2620565e-01   8.4463784e+00
   5.5808558e-01   9.2083175e+00
  -4.3739800e-02   8.6463445e+00
   2.0590415e+00   8.0325202e+00
   4.9990461e-01   8.5158057e+00
   5.0406765e-01   8.4674949e+00
   2.0537067e+00   7.3881970e+00
   4.2499089e-01   7.8755867e+00
   9.2113120e-01   7.6776446e+00
   2.9464726e-01   8.9122100e+00
   1.4047172e+00   7.4596429e+00
   4.9582875e-01   7.9022200e+00
   8.4408534e-01   7.4819000e+00
   1.1769240e+00   9.0654725e+00
   3.1185524e-01   8.6787912e+00
   6.1399116e-01   7.7914564e+00
   5.5916636e-01   9.4495452e+00
   6.5744473e-01   7.8506224e+00
   1.1385832e+00   7.6847459e+00
   1.0515981e+00   8.0675002e+00
   4.7909811e-01   8.4473677e+00
   2.4579270e-02   8.1314904e+00
   1.8457921e+00   8.0474575e+00
   5.3952146e-01   1.0332306e+01
   1.1687435e+00   6.5280219e+00
   1.1294998e+00   8.0389431e+00
   4.3336307e-02   8.9292210e+00
   3.5707347e-01   7.2337770e+00
   1.4685173e+00   7.6157000e+00
   1.7915382e-01   7.4018258e+00
   1.7390154e+00   6.9077846e+00
  -7.0822044e-01   8.1067799e+00
  -5.5404558e-01   8.6423757e+00
   5.5767276e-01   8.1617683e+00
   7.7129947e-01   8.4569666e+00
   9.8823928e-01   8.5179941e+00
  -5.5179976e-01   9.5622197e+00
   3.3810254e-01   9.2817457e+00
   2.3474483e+00   5.9974787e+00
   1.0058573e+00   8.0053647e+00
   1.4374387e+00   8.0980580e+00
  -8.2814165e-01   9.1918396e+00
  -1.5833537e-01   9.1808864e+00
  -5.9311241e-01   9.5821162e+00
   2.9204521e-01   8.8387169e+00
   2.9732003e-01   7.5393480e+00
  -1.1000982e-01   9.4710966e+00
   7.3882604e-01   7.5495929e+00
   1.8009932e-01   9.1719162e+00
  -1.7698484e-02   7.9582893e+00
   1.1710087e+00   6.7350767e+00
   1.0800766e+00   8.1848522e+00
   1.3538896e-01   9.4817079e+00
  -4.7529162e-01   7.8903934e+00
   9.8125338e-01   7.5675403e+00
   2.5086693e+00   7.5925317e+00
   2.3511287e+00   7.2808167e+00
   1.7977457e-01   8.7506459e+00
   2.4784328e+00   8.1361021e+00
   9.6312930e-01   9.0101800e+00
   3.2170153e+00   5.6298248e+00
   1.3771697e+00   7.9542073e+00
   6.0606038e-01   6.7093664e+00
   2.1427324e+00   7.4939096e+00
  -1.9691095e-01   8.1296140e+00
   1.0215094e+00   8.1923082e+00
   9.9676978e-01   8.6835003e+00
   1.3077980e+00   8.4842068e+00
   9.3797314e-01   6.9233320e+00
  -1.1969513e+00   8.2843352e+00
   9.4072941e-01   6.4548332e+00
   1.9759215e-01   8.3965219e+00
   2.9754970e+00   6.8514652e+00
   1.1396310e+00   8.1658933e+00
  -2.3582360e-01   8.9613530e+00
   1.1634250e+00   7.8494474e+00
   2.1241835e+00   7.3096516e+00
   1.1499457e+00   7.6315367e+00
   9.3912683e-01   8.1823262e+00
   2.0412296e+00   6.2338576e+00
   5.5795307e-01   8.2396741e+00
   4.7660882e-01   9.8113373e+00
   1.6275846e+00   7.1785987e+00
   1.7380485e-01   8.4749048e+00
   1.0626886e+00   7.1307876e+00
   9.9160422e-01   9.4687451e+00
   2.2877903e-01   8.4930525e+00
   1.3738395e+00   8.3636352e+00
  -3.8488270e-01   9.6343816e+00
   7.6339791e-01   8.8310388e+00
   7.3723128e-01   7.7189445e+00
   2.2489325e+00   7.2686603e+00
   7.8426381e-01   8.4439856e+00
   1.4673476e+00   8.1576706e+00
   1.4316174e+00   8.0093373e+00
   7.3323648e-01   8.4328401e+00
   1.7518155e+00   8.1141714e+00
   1.2092328e+00   8.5523517e+00
   2.3879946e+00   6.6967052e+00
   1.8285287e+00   6.9094645e+00
   1.2534052e+00   8.2601889e+00
  -4.6956395e-01   9.0352438e+00
   6.0056001e-01   8.7838990e+00
   3.3055584e-01   7.9199073e+00
   1.6827063e-01   8.3311413e+00
   8.9054117e-01   7.8441933e+00
  -4.8318170e-01   8.3543900e+00
   1.6407510e+00   7.5997366e+00
   2.5845170e+00   6.9714561e+00
   3.8867146e-01   8.3672101e+00
   1.0537175e+00   7.5666174e+00
   3.3826523e+00   6.0332164e+00
   1.8824744e+00   8.3735762e+00
   1.6849299e+00   6.4512017e+00
   2.7949128e+00   7.6762591e+00
  -4.8010513e-01   7.4009835e+00
   1.4120574e+00   7.9510534e+00
  -1.7052228e+00   9.0340411e+00
   5.5822176e-01   8.4772564e+00
   1.0890040e+00   8.5815295e+00
  -3.6957929e-01   9.2252191e+00
  -1.2824530e+00   1.0219881e+01
  -4.4071469e-01   8.8653465e+00
   1.3122007e+00   9.8816480e+00
   8.3606541e-01   6.8164515e+00
   2.2632821e+00   8.1713700e+00
   1.6366748e+00   8.4883336e+00
  -3.4063254e-01   8.1963255e+00
   8.3153961e-01   6.6762316e+00
  -7.3022318e-01   7.8800941e+00
   6.3178544e-01   7.1893259e+00
   1.5876007e+00   7.4238415e+00
   6.0909835e-01   8.5004017e+00
   3.7042639e-01   8.3181524e+00
   1.3054388e+00   7.8590136e+00
   1.2558367e+00   9.1258129e+00
   2.5449480e+00   6.3054963e+00
   5.4336565e-01   8.4205250e+00
   1.5059660e+00   7.7400885e+00
   2.3419742e+00   7.9712489e+00
   4.2520955e-01   8.0297389e+00
  -1.0330904e-01   8.5530004e+00
   1.6840268e-01   7.1980787e+00
   3.8450103e-01   7.8786878e+00
   7.8836490e-02   8.2058866e+00
   8.7982449e-01   7.3861692e+00
   1.6077850e+00   7.2418524e+00
  -1.1268942e-01   7.7955842e+00
   9.5882906e-01   8.0621657e+00
   4.3936462e-01   9.1332977e+00
   5.2136548e-01   1.0328338e+01
   6.1735573e-01   7.3580511e+00
   2.0302684e+00   7.8565425e+00
   1.6110547e+00   7.5103733e+00
  -6.6133422e-02   9.4039350e+00
   1.9906738e+00   8.3250718e+00
   2.2328546e+00   6.5619992e+00
   1.5890748e+00   5.3366205e+00
   7.0716964e-01   7.5298260e+00
  -4.2673980e-01   8.8197683e+00
   2.7735442e-01   8.8804870e+00
   1.0297531e+00   8.9080981e+00
  -3.3184971e-01   8.8806770e+00
   6.1373428e-01   8.8036486e+00
   3.0151793e-01   8.3662910e+00
  -2.9053247e-01   9.4572157e+00
   1.8430330e+00   8.5510901e+00
   1.8918378e+00   8.8086833e+00
   2.1268802e+00   7.7790873e+00
   1.5679686e+00   7.0817436e+00
   6.2580377e-01   8.6241973e+00
   9.2349206e-02   9.8103881e+00
   1.1216011e+00   7.8218010e+00
   1.6718684e+00   6.8308226e+00
   5.5266339e-01   8.4267092e+00
   3.2946776e-01   7.8876555e+00
   2.0274241e+00   6.8030148e+00
   2.3009235e-01   7.8753263e+00
   4.4200503e-01   8.6269509e+00
   5.3144481e-01   8.4976587e+00
   1.5332979e+00   7.6589806e+00
   1.7735614e+00   5.9472196e+00
  -1.2344045e-01   8.6951808e+00
   1.0823856e+00   6.9391396e+00
   1.8241589e+00   7.8515249e+00
   2.3365853e+00   5.7961463e+00
   9.7571052e-01   7.8922922e+00
   2.8337116e+00   4.9345162e+00
   2.2397921e-01   8.0920303e+00
   7.6552315e-01   8.7482539e+00
   1.0524469e+00   6.6633957e+00
   1.4357546e+00   9.3213233e+00
   5.9192110e-01   7.4204534e+00
   1.3900944e+00   8.3891099e+00
   8.5419456e-01   7.7489216e+00
   2.0987337e+00   8.3826384e+00
   2.3799121e+00   7.3671348e+00
   3.0200364e+00   6.3775812e+00
  -2.0308910e-01   9.7086265e+00
   1.3266077e+00   9.3466861e+00
   9.4748215e-01   6.0713334e+00
  -2.0943818e-01   9.1157586e+00
   2.1441038e-01   8.9171734e+00
   1.0906022e+00   8.4585570e+00
   7.0579112e-01   7.7544711e+00
   1.3073116e+00   8.5652007e+00
  -3.1194317e-01   9.5468567e+00
   1.2921304e-01   7.5732627e+00
   1.1795615e+00   8.2696255e+00
   1.7873314e+00   7.2656479e+00
   6.7572654e-01   8.1067942e+00
   1.5154562e+00   9.1147696e+00
   1.5863782e+00   6.7302768e+00
   1.3204091e+00   8.0530115e+00
   1.5113274e+00   8.5172030e+00
   1.3067843e+00   6.9715544e+00
   1.1276345e+00   7.6564776e+00
   1.2703342e+00   7.7951736e+00
   1.6148516e+00   8.7842640e+00
  -6.7088677e-03   9.6018129e+00
   5.1681038e-01   7.7539391e+00
   1.6427028e+00   8.1753540e+00
   4.7210496e-01   8.8976964e+00
   1.4143140e+00   7.6056193e+00
   1.8287101e+00   7.6829460e+00
   1.6538248e+00   7.8203125e+00
   5.7166223e-01   8.1486242e+00
   1.8998964e+00   7.2103737e+00
   1.1889918e+00   8.4727242e+00
   2.7529187e-01   8.9755974e+00
   2.1021130e+00   6.3877593e+00
   2.2698386e-01   8.9528984e+00
   1.0594364e+00   7.9462817e+00
   2.1417690e+00   8.0960856e+00
  -6.2996676e-01   8.1384229e+00
   1.5330833e+00   7.7792708e+00
   2.0202309e+00   7.2115135e+00
   2.3321841e+00   6.6575397e+00
   7.8323973e-01   7.6397343e+00
   8.7813550e-01   8.5997052e+00
   1.6215472e+00   7.3371662e+00
   6.6295792e-01   7.6011341e+00
   1.1897624e+00   8.3368572e+00
   6.6190732e-01   8.4790623e+00
   5.4803843e-01   7.5554130e+00
   2.2547677e-01   1.0386445e+01
   5.0257911e-01   8.2319814e+00
   1.7454377e+00   7.9986642e+00
  -1.1575198e+00   9.1074487e+00
   1.7584453e+00   9.4317665e+00
   1.1804957e+00   7.9923078e+00
  -3.3571806e-02   8.1958882e+00
   1.0342386e+00   7.8144748e+00
   1.1662805e+00   7.2652070e+00
   9.5106062e-01   7.3935209e+00
   2.3301127e+00   6.3727282e+00
   3.8367783e-01   8.8014984e+00
  -9.3809823e-01   8.4443229e+00
   1.7544133e+00   7.4144532e+00
   2.7960027e-01   6.5734054e+00
  -6.2064721e-01   5.8087841e+00
  -8.5534578e-01   4.0137912e+00
  -5.6455915e-01   3.9838915e+00
   1.4839950e-01   3.8283933e+00
  -6.1190687e-01   3.4645295e+00
  -3.9061899e-01   2.2460595e+00
  -7.8890321e-01   3.8900645e+00
  -1.3541340e-02   2.4660500e+00
   4.0248484e-01   1.2388753e+00
   9.9602995e-01   2.5235068e+00
  -8.5661528e-01   4.8931351e+00
  -1.2848906e+00   3.1158609e+00
  -3.0016911e-01   6.0228651e+00
  -1.3046462e+00   2.9065728e+00
  -2.9524556e-01   3.6965816e+00
  -8.3760123e-01   1.8761951e+00
  -9.2935753e-01   7.5658077e+00
  -4.9624791e-01   6.6014614e+00
  -1.0111580e+00   5.1352539e+00
  -2.5995124e-01   2.8464773e+00
  -3.7556334e-01   3.1539371e+00
   2.4019692e-02   5.0523504e+00
  -2.6484437e-01   4.7327941e+00
   4.7677159e-01   2.9727565e+00
  -3.8068569e-01   7.0227139e-01
   3.4264046e-01   5.3377067e+00
  -1.3169506e+00   1.5696023e+00
   9.4775044e-02   3.3961975e+00
  -1.3950365e-01   6.4878251e+00
  -4.0665333e-01   3.4201530e+00
   8.9623474e-01   5.0935913e+00
   4.2013917e-01   4.2780647e+00
  -1.6928877e-01   3.0607421e+00
   4.5946538e-02   6.3691426e+00
   5.1432628e-01   5.1673607e+00
   6.7903335e-01   5.9918564e+00
  -5.8178969e-01   2.5838368e+00
  -8.6733808e-01   1.8958306e+00
  -7.4230680e-01   3.2014419e+00
   3.2767622e-01   4.7602280e+00
  -3.4440639e-01   4.3341854e+00
  -1.9452028e-01   2.3604328e+00
  -4.4346379e-01   7.9976400e+00
  -5.0891500e-01   5.0493830e+00
  -3.0122436e-01   5.0661194e+00
  -2.3915728e-01   4.6469220e+00
   6.9634419e-02   4.6255818e+00
  -4.2352315e-01   3.0031636e+00
  -6.2222505e-01   2.9609161e+00
  -1.5384451e-01   2.1677807e+00
  -4.8895676e-01   4.4313684e+00
  -5.5225552e-01   2.5579520e+00
   3.6605483e-01   2.7272344e+00
  -1.1062307e-01   5.6790388e+00
   8.3289401e-01   6.7349563e+00
  -1.6732956e+00   6.4814911e+00
  -1.3323042e+00   7.4016557e+00
   8.8142780e-02   3.5920537e+00
   4.8286785e-01   4.8170249e+00
  -6.7358866e-01   4.5530694e+00
  -9.5088531e-01   2.2320289e+00
  -5.5270629e-01   4.2312506e+00
  -2.4578155e-01   5.0155616e+00
   4.1902920e-02   3.4945730e+00
  -1.1913156e-01   6.0894404e+00
  -3.8644048e-01   5.0182120e-01
  -7.9268168e-01   1.6788525e+00
   3.5263216e-01   2.5447318e+00
  -5.4373956e-01   3.3168448e+00
  -2.2846528e-01   3.8098315e+00
  -3.1300858e-02   3.2515013e+00
  -1.5133610e-01   3.2758447e+00
  -1.4449471e-01   1.9542707e+00
   2.4055353e-01   8.7156424e-01
  -5.4103728e-01   4.4979620e+00
  -8.0598297e-01   2.7477613e+00
  -6.1949788e-01   2.7212441e+00
  -1.1963077e+00   4.0578835e+00
   1.1945581e-01   3.7336850e+00
   2.4434544e-01   8.2586540e-02
   1.2827736e-02   1.5149226e+00
  -2.2114315e-01   5.1944302e+00
  -4.0676761e-01   4.9035455e+00
   4.9578222e-01   4.4565697e+00
   9.2809288e-01   3.6343456e+00
   1.6014732e-01   3.3260701e+00
  -1.5981603e-01   2.3539101e+00
  -1.4538847e+00   3.4537348e+00
  -5.2905572e-01   6.1790924e+00
  -4.7069515e-01   2.6166559e+00
  -1.0813525e+00   5.5826139e+00
  -5.9763007e-01   5.0137911e+00
  -3.8232308e-01   2.9657245e+00
  -7.1057341e-01   4.2497995e+00
  -8.0649225e-01   2.8661445e+00
   1.8796739e-01   3.4470102e+00
  -1.9709610e-01   2.9868362e+00
   4.0836261e-02   2.5603782e+00
  -3.1293555e-02   1.3390650e+00
  -6.9659423e-01   3.8869233e+00
  -4.8974410e-01   1.8733765e+00
  -3.8573540e-01   2.9317314e+00
   2.4069994e-01   5.8701965e+00
  -5.1785154e-01   5.3600445e+00
  -2.6570206e-01   4.5562930e+00
  -1.6711175e-01   3.2512755e+00
   3.4155977e-01   4.2178694e+00
  -3.2628291e-01   5.0702183e+00
  -1.2101769e-01   1.6770344e+00
  -1.1834657e-01   2.8505908e+00
   1.5921047e-01   3.6606703e+00
  -3.8789196e-02   1.6203796e+00
   4.2475505e-01   2.4240941e+00
  -9.7325452e-01   6.6840338e+00
  -2.6451603e-01   2.1458042e+00
  -4.8536588e-01   4.6880159e+00
  -7.0353889e-01   6.7454929e+00
  -3.6044990e-01   1.3065922e+00
  -1.5979767e-01   4.8732388e+00
  -1.8766076e-01   4.6873192e+00
  -1.4679432e+00   5.9215393e+00
  -8.5237444e-02   5.3606707e+00
  -2.1102469e-01   6.8706287e+00
  -1.4277460e-01   1.9437491e+00
  -2.1618870e-01   2.8154146e+00
  -3.8915265e-02   8.2961814e-01
  -3.3557014e-01   3.8306140e+00
  -9.7502922e-01   5.9151445e+00
  -6.6095054e-01   2.7227014e+00
   4.9504850e-02   5.8706337e+00
  -2.3279061e-01   3.5604120e+00
  -1.0998209e+00   4.0561868e+00
  -1.4061514e+00   2.2348893e+00
  -7.6568993e-01   6.9823276e+00
  -2.1257104e-01   5.0095907e+00
  -5.1753697e-01   3.4377368e+00
  -1.7376967e+00   4.7393087e+00
  -1.9887852e-01   5.7845238e+00
  -2.7266417e-01   2.5233104e+00
  -9.9023758e-01   4.2932032e+00
   7.6128026e-01   5.8318614e+00
   6.4779332e-01   2.4167527e+00
  -3.3178763e-01   5.6144839e+00
  -6.2254611e-01   4.9868127e+00
  -1.7659951e-02   1.5651077e+00
   1.1811239e-01   1.0897813e+00
  -9.7811699e-01   3.3805254e+00
  -4.8203413e-01   3.2540180e+00
  -6.9160983e-01   5.2701342e+00
  -6.9518633e-01   4.1000270e+00
  -7.3840284e-01   6.0299093e+00
  -4.2437975e-01   3.2663912e+00
  -9.5329541e-01   4.7513193e+00
   9.2798899e-02   5.8921908e+00
  -3.1424596e-01   2.6094231e+00
  -6.2310154e-01   2.0724404e+00
  -4.4679346e-01   4.8210925e+00
  -1.2551830e+00   3.6061543e+00
   1.4933927e-02   2.8836080e+00
  -1.2220323e-01   5.6033471e+00
  -1.1474287e-02   3.2578051e+00
  -4.9111083e-01   8.8500663e-01
  -6.4974584e-01   7.8570793e+00
  -2.5315166e-01   5.4987735e+00
   9.0029504e-01   5.9229282e+00
   8.1621060e-02   2.4198225e+00
   1.5840818e-01   4.9768139e+00
   4.1255183e-01   3.5592646e+00
   3.3810440e-01   4.4044009e+00
  -9.7826861e-01   6.8390427e-01
   3.4920944e-01   5.1957012e+00
  -4.9937488e-01   6.5801880e+00
  -1.1903849e-01   5.4811792e+00
  -2.8956813e-02   2.7921677e+00
  -2.2540169e-02   5.4277259e+00
  -1.1534950e+00   2.8727883e+00
  -4.7102641e-01   4.1700016e+00
  -1.5068979e+00   2.7353511e+00
  -1.3098123e+00   3.4937815e+00
  -5.8898535e-01   7.1534865e+00
  -1.0830861e+00   3.8643371e+00
   1.5781903e-01   4.7077591e+00
  -1.0108236e+00   6.5121028e+00
  -2.7741813e-01   5.3680882e+00
  -5.6704396e-01   5.4568833e+00
   4.5377705e-01   3.8817549e+00
  -1.6123903e-01   4.4973282e+00
  -1.9594431e-02   1.2134583e-01
  -7.5031853e-01   3.3769816e+00
  -3.3304707e-01   7.0036392e+00
  -8.4413326e-02   4.3146751e+00
  -2.1922448e-01   2.3542254e+00
  -1.4358428e+00   4.5858863e+00
   8.5764240e-02   4.3851666e+00
  -6.8112753e-01   3.8507516e+00
  -1.3651005e+00   4.5742458e+00
   1.9359672e-01   4.1103142e+00
   3.1327378e-02  -1.4918000e-01
  -1.3512554e-01   3.4733892e+00
  -2.7131518e-01   3.5247111e+00
  -2.9890261e-01  -4.8945344e-02
  -3.6695488e-01   4.1283835e+00
  -5.9638476e-02   3.8629875e+00
   4.0972428e-02   4.7618438e+00
   1.6319053e-01   3.5477878e+00
  -8.0684661e-01   5.5654265e+00
  -1.1294516e-01   1.7554916e+00
   1.2620009e-01   3.8440313e+00
   1.2184503e-01   3.3954791e+00
  -1.2454303e+00   4.2668146e+00
  -9.2335079e-01   3.6842172e+00
  -3.1930072e-01   3.5531418e+00
  -4.0356113e-01   5.1985501e+00
  -8.2247099e-01   5.6877267e+00
  -8.9429240e-02   2.2609633e+00
  -1.5103975e-01   4.3741256e+00
  -5.5755639e-01  -2.4995850e-01
  -3.9811914e-01   3.7005485e+00
  -4.9997113e-01   3.8400957e+00
  -6.5091671e-01   4.1283511e+00
   1.6274755e+00   1.5024395e+00
  -1.3827551e-01   6.1862102e+00
   1.3801782e-01   1.4915011e+00
   2.1330470e-01   3.6096539e+00
  -4.2050382e-01   5.3197697e+00
  -2.8754885e-01   4.2522473e+00
  -2.1953017e-01   4.3295901e+00
   6.3561639e-01   1.6952676e+00
  -1.5199355e-02   3.0998263e+00
  -2.8902174e-01   4.1028930e+00
   1.9624679e-01   6.9905608e+00
  -5.4187337e-01   1.9574714e+00
  -5.3913073e-01   4.5282927e-01
  -4.9556536e-01   2.0468902e+00
  -7.9621619e-01   3.3779303e+00
  -1.5104034e-01   2.7177500e+00
  -5.8973772e-01   6.2969482e+00
   3.3243646e-01   3.1676516e+00
  -1.3081046e-02   5.0971234e+00
  -7.8771364e-01   4.0608409e+00
   2.2272110e-01   5.7999971e+00
  -2.7409525e-01   4.9616166e+00
   3.6139197e-01   3.9198466e+00
  -8.8104907e-01   6.6635567e+00
   1.2254543e-01   3.7822582e-02
  -1.0328501e+00   4.0309061e+00
  -7.5266131e-01   3.9797845e+00
  -8.2850420e-01   1.2919291e+00
  -6.8206331e-01   8.8523527e+00
   4.0794933e-01   6.3687221e+00
  -2.0292113e-01   3.3635831e+00
  -7.7515126e-01   7.6680121e+00
  -1.3048157e+00   5.1154208e+00
  -2.6729614e-01   3.4153681e+00
  -1.5219189e-01   2.4292815e+00
  -1.8301472e+00   1.5613564e+00
   3.7843046e-01   2.7021508e+00
  -3.1668267e-01   1.8198524e+00
  -5.3990247e-01   3.2423795e+00
   1.4977066e-01   2.9524746e+00
  -8.8609120e-01   3.1232439e+00
  -6.7782578e-01   6.2853188e+00
  -9.1232883e-01   4.6598889e+00
  -2.7694882e-01   5.3203533e+00
  -9.3129509e-01   2.0753969e+00
  -9.5937536e-02   3.2916520e+00
   4.8017930e-01   3.5924346e+00
  -1.5804501e+00   3.4949725e+00
  -8.5339241e-01   3.5542476e+00
  -2.6927077e-01   3.5158132e+00
   3.3036247e-01   3.4452823e+00
  -6.8361960e-01   2.8639649e+00
  -1.4736996e-01   5.6752849e+00
   2.5876973e-02   7.3106567e+00
  -6.0579618e-01   5.0752870e+00
  -6.4799958e-01   2.8083709e+00
  -3.7866626e-01   1.5029786e+00
  -8.3856482e-01   2.3932373e+00
   1.7712826e-01   1.1419253e+00
  -1.4560187e-02   4.0854714e+00
   6.6910027e-01   3.4270913e+00
   3.2919418e-01   1.5837827e+00
   9.6514553e-02   4.6764186e+00
  -1.4870343e+00   4.0123549e+00
  -2.2416095e-01   9.1907900e+00
  -1.0618791e-01   5.5711557e+00
  -1.8297718e+00   2.5852488e+00
  -7.5599212e-02   4.4851181e+00
  -5.1607010e-01   3.4935683e+00
   4.6376971e-01   2.6280514e+00
  -5.6060460e-01   2.9597849e+00
  -1.3419099e+00   4.5188420e+00
   5.2996068e-01   7.8923447e+00
   3.2210673e-01   1.2137016e+00
   2.5060785e-02   4.4359702e+00
  -6.8492164e-01   3.4329572e+00
   2.6929053e-01   4.5205864e+00
  -2.3852445e-01   5.0148924e+00
  -1.7753972e-01   5.3394375e+00
  -4.2009734e-01   3.7989056e+00
  -8.9752523e-01   2.0476673e+00
   5.0117953e-02   2.7537707e+00
   1.3861674e-01   2.5818279e+00
   9.5968458e-01   2.1604594e+00
  -8.7684996e-02   2.8531426e+00
  -4.9561162e-01   4.9087332e+00
  -9.7092487e-01   4.8793912e+00
  -1.2267439e+00   5.3363432e+00
  -1.0985743e+00   2.3123564e+00
  -6.3263157e-01   3.3055952e+00
  -5.3343682e-01  -4.7696527e-01
  -8.5867831e-01   5.4217323e+00
   1.5733104e-01   6.8455720e+00
   3.8301455e-02   5.8456137e+00
   2.7272522e-01   6.1448167e+00
  -6.1837773e-01   7.0096767e+00
  -6.9438070e-01   9.7378120e-01
  -6.1381778e-01   3.5112205e+00
  -4.6970083e-01   5.4463096e+00
   4.1987291e-01   5.8282648e+00
   1.9916759e-01   4.1033472e+00
   3.1209075e-01   3.7613148e+00
  -4.8017077e-01   5.9110038e+00
  -2.8569053e-01   3.4044381e+00
   4.9055774e-01   5.7210257e+00
  -7.3862450e-01   4.5042826e+00
   7.3574979e-02   2.7723995e+00
  -3.4311540e-01   2.6953606e+00
   1.2739100e-01   4.8434229e+00
  -4.5251103e-01   1.6896639e+00
  -7.6480760e-01   4.3052154e+00
  -6.6104605e-01   2.7890580e+00
  -4.8684928e-01   1.2521291e+00
  -4.5269290e-01   3.3442301e-01
  -7.6054004e-01   6.0028150e+00
  -8.5823905e-01   1.5022199e+00
   4.0645826e-01   8.1276083e+00
  -7.2245783e-01   4.3877020e+00
   5.2009737e-01   3.7997971e+00
  -4.6145763e-01   4.7971977e+00
  -9.9464544e-01   2.3632601e+00
   6.6408074e-02   2.4229662e+00
  -1.6855686e-01   6.8895096e-01
   7.8519137e-02   3.3776983e+00
   3.4660305e-02   4.9926677e+00
  -1.7655355e-01   4.2674977e+00
  -7.4832505e-01   6.8431403e+00
   9.0265609e-02   1.2924173e+00
   7.9952242e-02   7.7869513e-01
  -1.2887577e+00   3.7310596e+00
  -9.8479880e-01   4.1007234e+00
  -7.2942460e-01   6.5198111e+00
  -1.2227001e-02   3.2245652e+00
  -2.8783748e-02   2.6307412e+00
  -6.5268440e-01   7.9898208e+00
  -3.8803225e-01   2.6545957e+00
   6.9048577e-01   2.2507246e+00
  -5.0036304e-01   3.5544012e+00
   7.4331835e-01   3.7462131e+00
  -5.2595269e-01   5.4987355e+00
  -1.0409812e+00   4.0099305e+00
  -4.3940407e-01   2.6376970e+00
  -1.1885844e+00   3.3643049e+00
  -1.1933105e+00   1.1761118e+00
  -9.6326201e-02   4.2340408e+00
   5.9226446e-03   2.0348551e+00
   6.3609580e-01   3.3102481e+00
   1.5946307e-01  -4.6395905e-01
   7.0436395e-01   5.6459794e+00
   6.3775261e-01   3.4569488e+00
   9.0420555e-01   4.6572755e+00
  -6.1970453e-01   4.5616612e+00
  -4.4729555e-01   2.1968998e+00
   1.1519814e-01   5.9088157e+00
   5.2524405e-01   4.3484178e+00
   3.0254258e-01   1.7770924e+00
   6.0221770e-01   2.1060285e+00
   1.2409724e-01   4.8736688e+00
  -3.1311944e-01   2.1326379e+00
   5.3292376e-02   4.2693976e+00
  -3.8235136e-01   3.7214678e+00
  -3.8144089e-01   6.1014000e+00
   4.7572922e-01   2.4112120e+00
   3.5891693e-01   5.4931974e+00
  -1.4903190e-01   2.7201604e+00
  -2.7380868e-01   6.2714498e+00
  -2.0588717e-01   2.0190818e+00
  -2.5701983e-01   1.6343137e+00
  -7.9682688e-01   4.7212379e+00
   6.0981053e-01   2.5886180e+00
  -2.8952254e-01   6.0941457e+00
  -6.2429186e-01   3.0318995e+00
  -5.6825941e-01   4.7662892e+00
   9.2822818e-01   4.4675160e+00
  -4.2811682e-01   1.9440033e+00
   2.1031641e-01   5.1239251e-01
  -8.6880286e-02   3.3098365e+00
  -7.9262678e-01   3.6308399e+00
   1.8606280e-01   2.0737603e+00
  -4.0658054e-01   3.2062445e+00
   8.1141988e-02   2.7193156e+00
  -2.2462184e-01   7.8184260e+00
   9.6370738e-01   5.0128516e+00
  -2.2100769e-01   6.6674857e+00
   1.4912933e-01   3.0130944e+00
  -3.4032966e-01   2.3493870e+00
  -7.2152686e-01   5.6017260e+00
  -6.1413629e-01   3.2669595e+00
  -8.0562923e-01   6.3795220e+00
  -7.5909862e-01   1.0803290e+00
  -2.9059053e-01   7.7156086e+00
  -3.7045232e-01   1.0077063e+00
   5.2392678e-01   1.7760182e+00
  -5.3770876e-01   6.9550349e+00
  -5.8964284e-01   4.9331503e+00
  -3.1509192e-01   3.5084400e+00
  -6.1153254e-01   2.3478464e+00
  -9.8529575e-02   1.0410127e+00
  -2.1283655e-01   6.8399030e+00
  -1.7533136e-01   5.6752128e+00
  -8.4255318e-02   5.5174957e+00
  -1.1310256e+00   5.3634522e+00
  -8.0649930e-01   4.8912807e+00
  -5.6424033e-01   2.8479409e+00
   4.1009565e-01   1.9137429e+00
   3.6881716e-01   6.0172584e+00
  -2.8942289e-01   6.1717924e+00
   1.0269704e-01   1.0934220e+00
  -4.1528413e-01   4.5079962e+00
  -3.4587894e-02   4.5567198e+00
  -9.8277080e-01   5.7103478e+00
  -1.0273354e+00   5.1720469e+00
   6.5690719e-01   4.0514754e+00
   3.3302337e-01   6.6223544e+00
  -1.3673031e+00   1.6226506e+00
   3.2689970e-01   2.9712736e+00
  -1.8863853e-01   2.3301377e+00
  -5.5503202e-01   3.3492964e+00
   3.0498239e-01   2.2943855e+00
  -1.9757683e-01   4.0906617e+00
   2.9469790e-01   7.1518304e+00
  -6.2764988e-01   3.4584127e+00
  -3.1707287e-02   5.3481335e+00
  -8.2280504e-02   3.0024639e+00
  -8.4817380e-01   2.7888964e+00
  -8.6030758e-01   3.6968203e+00
  -2.4823661e-01   4.6243937e+00
  -1.8062697e-01   2.7737682e+00
  -7.1867293e-01   5.2868187e+00
  -3.6387649e-01   6.7215301e+00
  -2.0124233e-01   5.1345048e+00
   5.1730233e-01   4.7752869e+00
   1.9240220e-02   5.2598009e+00
   2.3384899e-01   3.6898704e+00
  -1.2502301e-01   3.0093677e+00
  -1.1353911e+00   2.7885189e+00
  -5.9826709e-01   4.2004941e+00
  -6.2865952e-01   2.8056033e+00
  -1.1961790e+00   4.3507805e+00
   1.7960673e-01   4.8347851e+00
  -6.3782811e-01   4.1738138e+00
  -9.0159995e-01   3.1804045e+00
  -4.4948234e-01   2.9960437e+00
  -2.8581948e-03   3.2241860e+00
   2.4609616e-01   6.5227820e+00
  -4.3447489e-01   8.1204238e-01
  -9.2826215e-01   5.2788527e+00
  -5.7254605e-01   2.3335673e+00
  -1.1879891e-01   3.5317770e+00
  -3.7649584e-01   5.7562782e+00
   5.9958888e-01   3.2908783e+00
  -1.1133690e+00   6.3086179e+00
  -8.2965927e-01   3.2789701e+00
  -8.0584289e-01   5.5828101e+00
   8.7806795e-01   4.9069113e+00
  -3.5200112e-01   4.2777748e+00
   2.2058993e-01   3.4754260e+00
   2.0073427e-01   5.6850090e+00
  -8.5350062e-01   3.3051063e+00
  -5.2993139e-01   1.5185212e+00
  -6.0946959e-02   3.9797679e+00
  -5.8146700e-01   2.1957393e+00
  -1.4279975e+00   2.3029638e+00
  -1.9365943e-01   5.3163401e+00
  -4.0545299e-01   2.5406611e+00
   2.6154152e-01   4.3718563e+00
  -1.3227248e-01   2.9725804e+00
  -7.1028339e-01   5.8852085e+00
  -9.9434639e-01  -2.5944834e-01
  -4.8659907e-01   3.5394435e+00
  -8.9509964e-01   1.8968584e+00
  -1.7020983e+00   3.2302313e+00
  -2.8479835e-02   4.0256122e+00
  -9.1358374e-01   4.0535503e+00
  -1.1397720e+00   4.2221458e+00
  -1.7809244e-01   4.5018374e+00
  -2.5264809e-01   4.0429174e+00
   9.8747204e-05   6.5508436e+00
  -9.8369596e-01   2.7872979e+00
  -4.6589864e-01   3.5148545e+00
   1.0931495e+00   6.1980980e+00
  -9.6164204e-01   6.2551219e+00
  -1.4806808e-01   3.6388863e+00
  -2.2964877e-01   2.9150194e+00
   1.2662513e-03   2.6778474e+00
  -7.3395918e-01   2.9698803e+00
   1.0301280e-01   5.7745302e+00
  -5.2721693e-01   3.4618221e+00
  -1.0065027e+00   3.5215408e+00
  -3.1191557e-01   2.5435407e+00
   4.9833709e-01   2.0813644e+00
   5.3437586e-01   1.7193462e+00
  -2.8556611e-01   1.6470858e+00
  -6.2882731e-01   3.4385171e+00
  -4.8724028e-01   6.4905146e+00
  -7.4697635e-01   5.2864473e+00
   4.8362842e-01   3.4419056e+00
  -7.5518531e-01   4.4440875e+00
   4.6324364e-01   1.4759028e+00
  -5.8852075e-01   2.6010837e+00
  -8.4425376e-01   1.0377428e+00
  -6.3454508e-01   3.1754058e+00
  -3.3072031e-01   5.4674988e+00
  -7.4527880e-01   5.5765072e+00
  -1.3755083e+00   4.8060212e+00
   5.6415913e-01   4.6778163e+00
  -1.0318633e+00   5.4692307e+00
  -1.1358535e+00   2.1229486e+00
  -4.6124608e-01   4.9396197e+00
  -8.1900015e-01   5.8913653e+00
   6.7723364e-02   3.0410492e+00
   2.5525434e-01   4.7752590e+00
   1.2980687e-01   2.4380742e+00
   3.9903292e-01   4.1750336e+00
  -6.1621965e-01   3.5195180e+00
  -3.0121326e-01   6.4140409e+00
   3.3146462e-01   3.3467976e+00
  -7.6116454e-02   2.4584888e+00
   4.9800477e-01   2.8693545e+00
  -3.0664503e-01   5.0093983e+00
  -8.0910751e-02   5.3648230e+00
  -6.8322091e-01   2.9437440e+00
  -8.9528270e-01   4.1626488e+00
  -4.1676838e-01   3.6447212e+00
  -7.0711426e-01   5.4198792e+00
  -4.7049686e-01   5.2401559e+00
  -2.7996728e-01   2.8291693e+00
   1.2162018e-03   1.9628011e+00
  -1.4495453e+00   3.5604813e+00
  -1.9964362e-01   5.4708427e+00
   1.0545574e+00   5.5606402e+00
  -2.4027789e-01   2.5201743e+00
   1.8911823e-01   4.3623702e+00
   6.2491248e-01   3.2696903e+00
   2.5546139e-01   3.5531244e+00
  -4.5025502e-01   4.4445714e+00
  -5.5584992e-01   3.6460707e-01
  -4.6576543e-01   8.1570698e+00
   3.1929686e-01   4.3565595e+00
   5.2049672e-01   6.1270738e+00
  -3.5434507e-01   4.8057061e+00
  -6.3408010e-02   6.7339702e+00
  -9.2157700e-01   2.7776355e+00
   2.8585119e-01   3.0771567e+00
  -5.5436968e-01   1.8709510e+00
  -6.6828226e-01   3.2758927e+00
   5.9154897e-01   4.2094854e+00
  -6.9183211e-01   8.0974078e-01
  -4.3205285e-02   3.4760693e+00
   5.1668775e-01   3.3663196e+00
  -5.6939544e-01   3.2716676e+00
   6.9663505e-01   2.3735850e+00
   1.9710685e-01   5.5643354e+00
   6.5875744e-01   5.6804949e+00
   3.6456229e-01   4.3709710e+00
  -1.1403749e-02   4.7891891e+00
  -1.1941632e-01   4.2486146e+00
   2.3407435e-01   3.5632812e+00
  -1.5564785e-01   3.6318681e+00
   4.0506992e-01   4.2718191e+00
  -3.9435111e-01   2.0349860e+00
  -1.4203340e-01   6.0516115e+00
   5.6786262e-01   1.7612480e+00
  -1.4975993e-01   4.8128821e+00
  -5.4717037e-01   4.3370563e+00
  -8.3161572e-01   4.8312091e+00
  -4.7656105e-01   6.2027372e-01
  -2.6167760e-01   7.7345993e-02
  -6.6881442e-01   6.0341523e+00
  -5.7452788e-01   3.6923782e+00
  -6.6091026e-01   1.4502406e+00
   9.0304845e-03   5.3635288e+00
   2.0455233e-02   6.5115443e+00
  -3.6496100e-01   7.7403377e+00
  -1.0538838e+00   2.2776657e+00
  -3.9553417e-01   5.7100799e+00
  -2.7004679e-01   4.8950282e+00
  -6.3305413e-01   4.9169295e+00
   2.2179857e-01   5.3788507e+00
  -9.6357948e-01   4.2102933e+00
  -5.0283984e-01   4.6044339e+00
  -7.5918242e-02   2.2236394e+00
  -8.6576763e-01   2.6676570e+00
  -6.2702092e-01   7.0795526e+00
   6.4625560e-01   4.8011016e+00
  -3.8205791e-01   5.2319966e+00
  -1.4051952e-02   5.3026776e+00
   3.6886910e-02   4.5034495e+00
  -8.2939470e-01   4.1168940e+00
  -4.3626130e-01   2.3086909e+00
   1.3758428e-01   3.9726447e+00
  -1.3150826e+00   3.7508434e+00
   4.4102312e-01   4.6259185e+00
  -2.3531279e-01   2.3394357e+00
  -4.4508861e-01   4.0638788e+00
  -4.4362442e-01   3.4787944e+00
  -7.6046956e-01   6.4892587e+00
  -6.4850631e-01   5.6640165e+00
  -7.4602123e-01   2.9704993e+00
   6.3028642e-01  -3.6867762e-01
   1.6823190e-01   6.0963640e+00
   5.8241942e-01   4.1768727e+00
  -2.1495062e-01   3.5949326e+00
  -1.0856743e-01   5.2210318e+00
  -6.4691991e-01   2.7127695e+00
  -1.9345227e-01   6.6517011e+00
   1.1772861e-01   3.9223509e+00
  -1.1293042e+00   3.6129105e+00
  -6.6081466e-01   2.5480294e+00
  -6.9715590e-01   7.6734371e+00
   3.9112210e-01   5.1744064e+00
  -6.0998684e-01   1.4091073e+00
  -4.5282099e-01   3.6420596e+00
  -1.4344537e+00   4.6265900e+00
  -2.2508988e-02   3.8763823e+00
  -7.1497889e-01   2.1359333e+00
  -8.0497696e-01   8.7298553e+00
  -1.3607582e+00   6.9977971e+00
  -2.8126185e-01   4.9404391e+00
  -3.8252726e-01   5.4555849e+00
  -2.6964933e-01   5.3297170e+00
   1.7702843e-01   4.7002713e+00
   2.4471050e-01   6.1930521e+00
   3.7554089e-02   3.7631844e+00
  -4.6110026e-01   4.8734332e+00
   1.0716125e-03   3.7122857e+00
  -2.8031782e-01   3.2649333e+00
  -2.9543872e-01   2.4489724e+00
  -4.1416875e-02   4.5920557e+00
  -1.0886432e+00   1.8951548e+00
  -2.2965188e-01   6.4031232e+00
   5.8388457e-01   6.1456707e+00
  -1.5348246e+00   5.9733577e+00
  -6.7570032e-01   2.4623090e+00
  -1.4521176e-01   3.5047145e+00
   7.2151063e-01   3.2993666e+00
  -4.9579442e-01   7.4889169e+00
  -1.8096711e-01   8.3399362e-01
  -3.3820814e-01   5.9020433e+00
   2.0256871e-02   5.3541789e+00
   1.6177640e-01   9.8931124e-01
  -3.7076841e-01   1.8470833e+00
   6.8178772e-01   4.9465575e+00
  -7.4485977e-01   5.0731357e+00
  -5.3705425e-03   4.0365338e+00
  -6.6867195e-01   3.4421635e+00
  -9.9039045e-01   2.6895345e+00
  -4.2017727e-01   5.4857753e+00
  -6.2397926e-01   2.3729329e+00
  -6.7145403e-01   2.0916000e+00
   2.7940835e-01   5.3592627e+00
  -8.5276266e-01   4.5212130e+00
   2.8015991e-01   3.0357354e+00
   3.0265122e-01   4.1506112e+00
   3.3739025e-01   4.5502158e+00
  -9.6302324e-03   3.8210737e+00
  -4.8198114e-01   2.4621812e+00
  -1.1622231e+00   4.9615266e+00
   1.4505892e-02   2.4878654e+00
  -6.4861278e-02   3.0578874e+00
  -2.1159403e-02   1.9376273e+00
   1.5106092e-01   4.1539940e+00
   5.1881011e-01   5.2791697e+00
   3.2855372e-01   3.3845298e+00
   3.4238571e-02   2.1828392e+00
  -6.7921802e-01   2.8051792e+00
  -3.0867943e-01   2.7595273e+00
   7.7420884e-01   8.6947021e-01
  -1.0551320e-01   3.4324153e+00
  -2.5765920e-01   6.5833934e+00
  -5.9748218e-01   4.7526842e+00
  -1.2360179e+00   2.5328315e+00
   2.2526954e-02   4.7702998e+00
  -5.4297974e-01   1.3878360e+00
  -3.3682607e-01   1.6741243e+00
  -3.5090950e-01   2.5335945e+00
  -2.0683061e-01   4.3695753e+00
   4.7555945e-01   7.0182946e+00
  -4.7350846e-01   7.0102339e+00
  -6.9921129e-01   5.7001829e+00
   1.9763211e-01   3.7458600e+00
   5.9972846e-01   5.2725688e+00
  -1.5774875e-02   2.5879175e+00
   2.4710527e-01   2.6994905e+00
  -2.4616262e-01   6.6930698e+00
  -1.4083816e-01   2.1791835e+00
  -2.7625652e-01   1.3696845e+00
   5.0474454e-01   4.8417154e+00
  -5.6604659e-02   1.3159691e+00
  -4.5586429e-01   3.3158024e+00
   3.7686411e-01   1.0833903e+00
  -1.4570368e+00   2.2810116e+00
  -8.0037403e-01   3.8788160e+00
  -7.0216393e-02   8.3853920e+00
  -2.1305702e-02   5.9455508e+00
   7.7345279e-01   4.8327238e+00
   4.0749936e-02   4.9004976e+00
  -3.7033298e-02   8.1923634e+00
   2.2940324e-01   2.3618582e+00
  -7.3496527e-01   3.9859509e+00
  -2.2278711e-01   3.2554659e+00
  -5.5888549e-01   2.4811925e+00
  -6.8399431e-01   6.0009971e+00
  -1.3661002e+00   2.5671775e+00
  -1.5262383e-01   1.6703783e+00
  -1.3042818e+00   3.7253063e+00
   3.7739778e-01   3.5922043e+00
   3.8464270e-01   5.4783612e+00
  -4.1244614e-01   4.0287073e+00
   2.0307738e-01   4.8538208e-01
   4.6395755e-03   6.2000639e+00
  -1.4952132e+00   4.4907396e+00
  -6.0234204e-01   5.6342868e+00
  -3.1293832e-01   6.8230348e+00
   1.7566797e-01   3.6594668e+00
  -1.7170618e-01   5.1887296e+00
   1.9166259e-01   4.1879450e+00
  -2.3698129e-01   7.6160936e-01
   6.6902050e-01   7.6824547e-01
   8.1192888e-01   3.5848636e+00
  -1.6584640e-01   2.8612793e+00
  -5.3860425e-01   4.6502162e+00
  -2.5402989e-01   2.0037783e+00
  -1.6154151e-01   2.1930788e+00
  -8.0621819e-01   1.5078093e+00
   6.6456347e-01   3.4685377e+00
  -1.7523596e-02   3.8037538e+00
   1.0827415e-01   4.8183216e+00
   8.8075842e-02   4.0420435e+00
  -2.4820367e-01   2.2875925e+00
   5.2837752e-01   2.8749827e+00
  -2.9998132e-01   5.0543755e+00
  -2.4739977e-01   4.1687567e+00
   8.0677630e-01   5.8893741e+00
  -5.2418354e-01   2.3178848e+00
  -3.0824658e-01   5.8535139e+00
  -3.4875696e-01   3.7891462e+00
  -4.5732434e-01   1.8108796e+00
   5.9217507e-03   2.8658340e+00
  -3.2407310e-01   4.8537339e+00
   5.4082906e-01   4.2411800e+00
   4.3238276e-02   4.6613132e+00
  -7.4126332e-01   2.8487651e+00
  -8.5345487e-01   5.6633648e+00
  -1.0663532e-01   5.4843651e+00
  -3.5224133e-01   7.6525322e+00
  -2.5532073e-01   6.2417782e+00
   6.5533824e-02   3.8089546e+00
  -1.0360918e+00   2.4735335e+00
  -1.0358098e+00   3.3303240e+00
   1.3609106e-01   4.4265225e+00
  -1.1780476e+00   9.9529749e-01
   1.2353079e-01   2.1945442e+00
  -4.4047881e-01   4.9320101e+00
   1.5976125e-02   4.7825515e+00
  -1.1141442e-01   4.3444928e+00
   4.6698419e-02   4.7896384e+00
  -1.0270193e+00   7.9931194e+00
  -6.4930524e-01   2.1538086e+00
   2.2465406e-01   4.6851218e+00
   2.6694649e-01   5.9843104e+00
   2.2355518e-01   4.9176133e+00
   1.1931886e+00   3.1970180e+00
   2.3361481e-01   5.9605992e+00
   4.0859612e-01   4.6251879e+00
   3.2914250e-01   7.7215864e+00
   6.2634990e-01   4.6433856e+00
  -1.0838023e+00   5.6453634e+00
  -3.2199222e-01   6.5011376e+00
  -1.2384945e-01   3.8781772e+00
  -5.8964443e-01   3.0518858e+00
  -5.5113901e-01   4.2076182e+00
  -6.1139973e-01   6.0751178e+00
   2.7473075e-01   7.7748579e+00
   4.7240996e-01   3.7140271e+00
   4.2402372e-01   3.4914213e+00
  -1.6407952e-01   5.4525215e+00
  -1.1000483e+00   3.5342210e+00
  -6.0992805e-01   8.5870056e-01
  -9.0064250e-01   2.6631008e+00
  -4.1739993e-01   5.9991656e-01
  -4.0712463e-01   1.0586721e-01
   1.5647428e-02   6.5922592e+00
   4.0060966e-03   6.9178752e-01
  -6.6447810e-01   3.4284865e+00
  -1.2481997e-01   5.8569012e+00
   1.0946000e+00   1.8458402e+00
   3.6666228e-01   3.6791733e-01
   1.1928849e-02   4.6060057e+00
  -6.8596249e-01   1.8299646e+00
  -8.7082141e-01   5.3695399e+00
   3.6834686e-01   4.4743050e+00
   2.9030666e-01   3.0221857e+00
  -4.8093331e-01   4.4426691e+00
   3.2660675e-01   4.4859207e+00
  -7.6619861e-01   4.6825245e+00
   5.5536665e-01   2.6980613e+00
  -9.8037936e-01   2.0360770e+00
   3.7990415e-01   2.7324854e+00
  -4.0714898e-01   2.1160113e+00
  -5.5391273e-01   3.3585464e+00
  -1.8628798e+00   4.7825899e+00
  -4.2173125e-01   5.6797237e+00
  -9.8477599e-01   2.4985726e+00
  -1.4940260e+00   3.1771790e+00
   4.0571516e-01   6.5048725e+00
   2.6389771e-01   1.5717466e+00
  -9.5243540e-01   2.5210121e+00
  -4.5615426e-01   6.4598382e+00
  -8.8294199e-01   2.9830196e+00
   1.5508346e-01   1.9976320e+00
  -9.2792928e-01   6.2890750e+00
  -5.7888406e-01   3.0610390e+00
  -5.2513611e-01   4.0191612e+00
  -8.7314617e-01   4.0782385e+00
  -2.7390539e-01   2.5321817e+00
   2.3479559e-01   3.8432027e+00
   3.4979249e-03   4.9502114e+00
  -6.3039387e-01   7.2135506e+00
  -3.5560784e-01   4.5609778e+00
  -1.3824693e-01   5.8256723e+00
  -4.3478528e-01   4.0086899e+00
  -1.0270032e+00   3.9356595e+00
   1.7263877e-01   4.0954066e+00
  -1.2737119e-01   3.2331503e+00
  -5.7476936e-01   6.8285065e+00
   4.0329422e-01   5.6348013e+00
  -6.8584332e-01   2.1862070e+00
  -2.1955112e-01   7.8041269e+00
  -5.0635838e-01   3.3232337e+00
   9.7696317e-02   3.0944500e+00
   2.3864978e-02   3.3161185e+00
  -3.1768855e-01  -3.0088372e-01
  -9.5872277e-01   2.5861271e+00
  -6.1617783e-01   5.8785662e+00
  -3.0994335e-01   4.0186735e+00
  -2.7699275e-01   2.9582888e+00
   1.7054915e-02   5.5933696e+00
  -1.3921273e+00   4.6394758e+00
  -1.5909604e+00   6.1950567e+00
  -9.1619837e-01   3.7196600e+00
   3.2001895e-01   7.3404962e-01
  -1.2755994e+00   3.9954449e+00
  -7.6457606e-01   4.8225986e+00
  -4.9142953e-01   1.5965830e+00
  -6.1129158e-01   3.8513676e+00
   1.6492546e-01   5.5541980e+00
  -1.2504109e+00   2.6036998e+00
  -4.0968455e-01   4.6023898e+00
  -7.6252941e-01   5.9050038e+00
  -6.5662079e-01   1.7691908e+00
  -8.0432788e-01   3.1418953e+00
  -4.0951479e-01   2.8619164e+00
  -9.0304871e-01   2.5247489e+00
  -1.0603492e+00   4.7595009e+00
  -2.2386046e-01   3.8104978e+00
  -1.6124014e-01   2.0106300e+00
  -1.1208566e+00   2.9795969e+00
  -7.3110109e-01   5.2133750e+00
   1.5601374e-01   5.1432007e+00
   3.9688009e-01   3.6599363e+00
  -5.0271452e-01   3.9702746e+00
   8.8216667e-02   1.8316528e+00
   2.9172880e-01   8.6780452e+00
  -8.8269649e-02   4.0681869e+00
  -1.9380185e-01   2.0564648e+00
  -1.1465416e+00   5.5814831e+00
  -1.1410507e-01   3.4001497e+00
  -1.1212911e+00   4.6647794e+00
  -5.3776492e-01   4.3773891e+00
  -5.7666737e-01   4.9411954e+00
  -6.1399905e-01   7.0694774e-01
  -3.6453451e-01   2.6726112e+00
  -1.1877858e-02   2.5883163e+00
   1.2796886e-01   4.1060820e+00
  -7.6297289e-01   4.8431553e+00
  -2.7523501e-01   4.3486802e+00
  -9.2419566e-01   3.9429968e+00
  -3.8241172e-02   3.4127319e+00
   4.4174445e-01   2.3739938e+00
  -1.9308729e-01   4.7863529e+00
  -4.2008871e-01   1.6698303e+00
  -5.9728383e-01   3.0536778e+00
  -3.7527305e-01   1.7789313e+00
   1.6974315e-01   2.4407223e+00
  -9.4701035e-01   4.7346715e+00
  -1.7198480e-01   2.5252665e+00
  -1.9211833e-01   1.0303025e+00
  -5.4993061e-01   2.2650807e+00
  -5.3256840e-01   3.9179314e+00
  -1.2906749e-01   4.9471423e+00
  -1.6837507e-01   5.8155232e+00
  -3.3299937e-01   3.4492789e+00
   1.2574258e-01   4.9264303e+00
  -1.5720631e-02   7.7183429e+00
  -1.0173866e+00   9.0020733e-01
  -1.4620682e+00  -1.6346966e-01
  -5.1574988e-01   6.2297549e+00
  -6.3695980e-01   5.6620173e+00
   1.1366944e-01   6.4135983e+00
  -1.2162750e+00   3.8701786e+00
   1.4154180e-02   4.0397190e+00
  -3.1685643e-01   3.3803901e+00
  -1.0169075e-01   3.4362166e+00
  -6.5038993e-02   6.0153688e+00
  -4.7254180e-01   3.4722364e+00
  -6.1750215e-01   1.9249738e+00
   3.4111185e-02   4.0880522e+00
   3.4138537e-02   1.3526442e+00
  -8.3830331e-01   3.9488573e+00
  -3.1636676e-01   2.9096952e+00
   1.1876035e+00   1.8819626e+00
  -4.7052288e-01   2.7175730e+00
  -4.5335377e-01   3.2878548e-01
  -4.0554546e-01   4.8198640e+00
  -7.8804009e-01   1.6617839e+00
   2.3300384e-01   4.3243534e+00
   2.9190142e-01   7.5661977e+00
  -4.5139119e-01   6.7111918e+00
  -4.3773303e-01   4.1013378e+00
  -7.6228668e-02   6.9000886e+00
  -7.6134808e-02   3.5192306e+00
  -1.0409811e+00   1.8740071e+00
  -5.2612466e-01   4.4587363e+00
  -1.0793940e+00   4.9469594e+00
  -4.5241616e-01   2.9983126e+00
  -6.6556021e-01   7.6985831e+00
   2.4248355e-01   4.8824527e+00
  -1.4190816e+00   4.6913836e+00
  -8.5414204e-01   4.6134060e+00
   2.0296328e-02   3.6288572e+00
  -2.1701141e-02   2.2745406e+00
   9.8819496e-01   2.6705598e+00
  -1.1375252e+00   1.8084275e+00
   3.1401587e-01   5.1842377e+00
  -2.5104598e-01   6.1545314e+00
   1.7987041e-01   4.1105601e+00
  -6.1690620e-02   4.9796428e+00
   3.0336529e-01   6.1229174e+00
  -6.4505462e-01   4.8577342e+00
  -2.6447970e-01   4.7772805e+00
  -1.0163593e+00   3.4273331e+00
   5.5184368e-02   3.2573360e+00
  -2.0512963e-01   1.3762590e+00
  -6.2048830e-01   4.8902873e+00
  -1.8010644e-01   6.0254557e+00
  -5.6432802e-01   4.8865354e+00
   8.7439386e-02   3.3074080e+00
  -3.0316076e-01   7.9495407e+00
  -9.1253870e-01   5.9802560e+00
   4.3814669e-01   5.1663588e+00
  -3.5285150e-01   3.2869036e+00
  -8.0166956e-01   1.7851540e+00
   2.5745500e-02   4.3799815e+00
  -8.6809230e-01   2.6107010e+00
   3.3708656e-01   6.0623664e+00
  -4.4750915e-01   4.5729676e+00
  -1.5606201e-01   3.9361519e+00
  -3.4057840e-01   4.4376657e+00
  -2.5519058e-01   1.4644265e+00
  -9.5099514e-02   1.5988311e+00
  -1.0807060e+00   6.7680077e+00
  -8.8797097e-01   5.0457628e+00
   7.2031474e-01   5.2870477e+00
  -3.1958615e-01   2.4436011e+00
  -2.8928249e-01   3.2127331e-01
  -1.4995140e-02   6.8696965e+00
  -1.1290362e-01   2.9060362e+00
  -2.8330120e-01   5.1023734e+00
   3.2466767e-01   1.6661051e+00
  -1.0426183e-01   5.4991532e+00
  -1.0389139e+00   3.7955514e+00
   2.9289254e-01   2.6933656e+00
  -3.3856419e-01   6.0032188e-01
  -8.2705749e-01   2.6499247e+00
  -3.9749932e-01   4.2790164e+00
  -5.3010276e-01   4.5691689e+00
  -1.8559502e+00   3.7266456e+00
  -5.9599813e-01   8.4477816e+00
